$SPEC_ID:
No sample description was entered.
$SPEC_REM:
DET# 12901
DETDESC# GY222-02 Easy-MCA-2k SN 11080665
AP# Maestro Version 7.01
$DATE_MEA:
04/20/2017 08:56:51
$MEAS_TIM:
1200 1207
$DATA:
0 2047
       0
       0
       0
       0
       0
       0
       0
       0
       0
       0
       0
       0
       0
       0
       0
       0
       0
       1
       1
       0
       0
       0
       1
       0
       0
       1
       4
      77
     296
    1024
    2426
    2624
    2825
    3009
    2998
    3020
    3247
    3242
    3358
    3420
    3540
    3597
    3546
    3523
    3455
    3595
    3544
    3621
    3666
    3597
    3647
    3622
    3494
    3645
    3539
    3482
    3600
    3477
    3475
    3397
    3469
    3338
    3306
    3287
    3382
    3273
    3237
    3208
    3171
    3156
    3111
    3104
    3005
    2985
    3015
    2958
    2923
    2941
    2864
    2867
    2772
    2871
    2766
    2822
    2734
    2796
    2644
    2732
    2638
    2736
    2676
    2643
    2567
    2545
    2643
    2529
    2661
    2567
    2679
    2705
    2494
    2601
    2486
    2489
    2523
    2429
    2379
    2393
    2350
    2256
    2076
    2107
    2074
    1894
    1872
    1873
    1755
    1728
    1677
    1649
    1596
    1579
    1618
    1425
    1393
    1380
    1348
    1320
    1275
    1277
    1236
    1159
    1061
    1118
    1069
    1061
    1022
     977
    1025
     908
     910
     838
     889
     854
     903
     859
     823
     783
     737
     740
     724
     701
     715
     653
     691
     632
     635
     602
     629
     627
     619
     624
     596
     608
     599
     516
     569
     561
     595
     514
     544
     526
     473
     552
     495
     520
     483
     558
     552
     523
     475
     458
     515
     475
     462
     487
     440
     457
     436
     457
     406
     434
     466
     418
     492
     437
     407
     417
     449
     424
     401
     395
     394
     409
     396
     380
     400
     391
     415
     400
     405
     403
     424
     430
     412
     407
     399
     399
     402
     352
     391
     378
     372
     402
     396
     392
     348
     403
     346
     375
     378
     399
     360
     379
     370
     389
     354
     387
     356
     368
     370
     376
     362
     353
     365
     356
     342
     385
     350
     357
     329
     374
     349
     348
     366
     367
     382
     358
     374
     352
     360
     337
     337
     341
     300
     352
     333
     357
     330
     347
     380
     359
     360
     364
     363
     364
     372
     397
     359
     413
     418
     398
     422
     419
     412
     385
     439
     424
     403
     442
     483
     460
     512
     448
     497
     550
     526
     494
     548
     542
     602
     624
     584
     602
     616
     647
     699
     685
     648
     732
     757
     782
     791
     803
     862
     827
     885
     873
     916
     946
     978
     984
     974
    1054
    1020
    1009
    1068
    1013
    1095
    1038
    1052
    1125
    1168
    1106
    1135
    1158
    1131
    1140
    1092
    1183
    1106
    1119
    1121
    1119
    1094
    1099
    1172
    1121
    1170
    1147
    1273
    1188
    1212
    1187
    1235
    1224
    1296
    1221
    1238
    1214
    1169
    1225
    1298
    1282
    1304
    1296
    1327
    1360
    1326
    1306
    1226
    1249
    1303
    1226
    1335
    1265
    1174
    1176
    1224
    1173
    1127
    1097
    1123
    1052
    1018
    1012
     985
     946
     912
     851
     877
     917
     797
     749
     716
     695
     698
     714
     703
     629
     658
     671
     631
     636
     603
     616
     642
     660
     680
     695
     799
     795
     806
     872
     971
    1058
    1133
    1184
    1298
    1347
    1471
    1570
    1689
    1775
    1941
    2089
    2182
    2333
    2483
    2507
    2579
    2769
    2856
    2914
    3004
    2981
    3056
    3090
    2928
    2974
    2968
    3074
    2756
    2701
    2658
    2512
    2350
    2311
    2143
    1917
    1805
    1565
    1382
    1289
    1102
    1074
     947
     847
     762
     677
     564
     518
     487
     414
     399
     349
     324
     283
     269
     258
     265
     223
     220
     234
     220
     246
     221
     209
     219
     203
     176
     196
     212
     212
     210
     210
     207
     220
     202
     180
     197
     209
     211
     197
     196
     202
     207
     209
     227
     216
     181
     216
     204
     206
     223
     212
     197
     208
     215
     216
     201
     200
     203
     208
     185
     184
     204
     195
     182
     204
     187
     184
     176
     197
     192
     174
     207
     190
     195
     180
     195
     179
     169
     200
     195
     177
     180
     170
     179
     179
     152
     148
     181
     163
     167
     180
     186
     174
     178
     179
     174
     186
     193
     172
     159
     176
     199
     198
     207
     184
     185
     182
     134
     187
     185
     178
     174
     187
     189
     169
     189
     191
     189
     204
     175
     157
     183
     183
     190
     177
     199
     175
     159
     170
     180
     186
     183
     175
     210
     180
     193
     178
     150
     162
     155
     193
     161
     189
     175
     212
     181
     170
     186
     186
     169
     186
     170
     171
     177
     177
     180
     186
     178
     158
     189
     182
     172
     167
     183
     159
     197
     180
     183
     196
     184
     180
     184
     197
     200
     175
     209
     202
     205
     196
     201
     178
     186
     200
     206
     212
     220
     215
     212
     205
     200
     205
     232
     247
     220
     203
     213
     225
     199
     225
     216
     215
     203
     213
     236
     231
     201
     220
     228
     212
     217
     237
     209
     195
     202
     223
     173
     192
     193
     208
     207
     224
     212
     200
     206
     236
     199
     187
     202
     238
     187
     205
     198
     190
     230
     184
     204
     215
     211
     219
     212
     206
     211
     210
     209
     207
     200
     190
     176
     191
     218
     215
     194
     189
     218
     207
     215
     203
     204
     230
     210
     197
     213
     211
     210
     203
     160
     224
     195
     213
     205
     216
     206
     193
     235
     202
     209
     215
     222
     206
     196
     222
     229
     219
     223
     245
     204
     244
     234
     222
     203
     219
     236
     211
     208
     212
     216
     213
     219
     230
     231
     229
     254
     223
     227
     229
     204
     239
     219
     217
     235
     213
     199
     219
     220
     246
     214
     222
     208
     186
     233
     223
     196
     248
     209
     243
     221
     231
     204
     190
     226
     216
     190
     203
     232
     221
     210
     240
     219
     223
     222
     228
     201
     232
     238
     225
     223
     208
     227
     242
     204
     220
     240
     234
     202
     220
     234
     221
     224
     203
     220
     216
     216
     189
     206
     218
     194
     236
     216
     219
     229
     223
     222
     240
     222
     236
     243
     213
     239
     225
     229
     204
     227
     206
     224
     237
     227
     236
     258
     196
     205
     213
     232
     257
     217
     249
     229
     267
     227
     218
     207
     238
     210
     212
     203
     201
     233
     209
     234
     240
     222
     220
     237
     236
     237
     228
     205
     227
     229
     226
     212
     214
     210
     260
     220
     210
     210
     239
     243
     201
     231
     208
     227
     251
     225
     210
     227
     197
     228
     234
     203
     233
     229
     216
     223
     198
     226
     240
     223
     237
     224
     231
     207
     232
     207
     198
     212
     212
     201
     210
     223
     214
     251
     212
     217
     242
     217
     219
     221
     216
     213
     237
     204
     234
     212
     225
     195
     199
     223
     226
     215
     215
     235
     223
     239
     199
     208
     204
     205
     222
     218
     225
     219
     240
     231
     208
     220
     207
     221
     211
     236
     210
     221
     210
     222
     232
     230
     198
     212
     215
     200
     230
     195
     215
     235
     208
     229
     193
     227
     210
     211
     184
     213
     204
     187
     206
     201
     220
     232
     201
     194
     249
     179
     205
     216
     218
     214
     217
     190
     180
     203
     213
     191
     214
     218
     204
     227
     201
     198
     214
     196
     209
     193
     205
     210
     205
     192
     218
     222
     197
     213
     226
     224
     204
     211
     237
     194
     238
     202
     211
     173
     240
     216
     225
     204
     186
     211
     225
     193
     212
     196
     226
     197
     210
     208
     196
     241
     204
     200
     205
     205
     227
     218
     214
     211
     231
     207
     212
     182
     208
     224
     202
     246
     216
     192
     239
     201
     218
     175
     195
     225
     221
     214
     205
     208
     233
     210
     199
     177
     209
     208
     190
     200
     190
     222
     188
     208
     206
     224
     205
     211
     230
     175
     206
     211
     204
     211
     203
     190
     215
     186
     207
     190
     215
     239
     178
     203
     201
     248
     205
     180
     204
     193
     223
     180
     199
     183
     214
     218
     211
     188
     216
     203
     196
     185
     194
     198
     197
     194
     214
     205
     217
     189
     217
     203
     199
     204
     191
     180
     193
     208
     198
     226
     178
     210
     211
     193
     200
     206
     235
     205
     194
     234
     193
     200
     201
     214
     195
     165
     178
     192
     184
     201
     197
     184
     186
     199
     197
     215
     176
     201
     194
     193
     192
     206
     197
     204
     211
     178
     172
     221
     204
     198
     169
     179
     188
     213
     184
     193
     184
     182
     179
     204
     213
     171
     225
     201
     185
     194
     180
     209
     191
     204
     203
     197
     206
     202
     199
     200
     190
     192
     174
     212
     218
     207
     179
     172
     181
     185
     203
     201
     181
     197
     168
     185
     222
     158
     190
     158
     183
     191
     208
     163
     194
     184
     180
     206
     181
     176
     212
     186
     184
     204
     210
     186
     184
     199
     181
     186
     192
     204
     195
     194
     193
     168
     195
     188
     187
     193
     173
     179
     173
     211
     170
     197
     181
     164
     188
     175
     182
     176
     177
     186
     198
     187
     193
     167
     194
     185
     181
     175
     197
     155
     179
     173
     160
     193
     169
     200
     213
     169
     191
     188
     174
     216
     193
     179
     200
     171
     172
     162
     172
     185
     159
     207
     186
     185
     199
     169
     177
     198
     185
     187
     182
     184
     173
     161
     157
     189
     161
     197
     199
     170
     164
     172
     181
     192
     179
     179
     196
     165
     183
     174
     173
     147
     188
     178
     150
     193
     161
     171
     161
     189
     180
     158
     153
     187
     182
     196
     204
     156
     175
     172
     187
     155
     181
     173
     166
     163
     178
     175
     162
     172
     165
     177
     158
     186
     196
     177
     183
     166
     169
     190
     192
     174
     169
     200
     163
     167
     182
     177
     160
     182
     173
     162
     168
     161
     163
     175
     192
     177
     148
     208
     166
     174
     175
     186
     173
     155
     168
     191
     148
     155
     161
     176
     191
     168
     205
     156
     148
     165
     165
     187
     153
     166
     176
     145
     140
     148
     173
     156
     164
     167
     161
     162
     151
     158
     169
     169
     171
     181
     166
     162
     177
     140
     168
     169
     150
     166
     164
     156
     166
     174
     171
     147
     163
     161
     177
     143
     155
     153
     180
     173
     158
     147
     166
     160
     174
     175
     150
     162
     164
     144
     185
     169
     173
     171
     157
     160
     173
     143
     171
     148
     168
     159
     178
     155
     150
     168
     159
     154
     157
     135
     162
     131
     140
     135
     163
     162
     143
     167
     154
     144
     154
     180
     151
     140
     163
     167
     162
     107
     134
     162
     150
     144
     170
     156
     155
     157
     141
     149
     149
     151
     144
     171
     160
     138
     139
     156
     162
     159
     161
     162
     136
     163
     149
     142
     161
     134
     173
     167
     154
     139
     151
     161
     148
     169
     156
     162
     141
     161
     137
     154
     145
     130
     137
     141
     158
     157
     169
     154
     146
     162
     137
     162
     168
     151
     143
     154
     159
     149
     154
     140
     154
     172
     131
     143
     151
     142
     160
     154
     163
     140
     155
     161
     145
     143
     154
     156
     158
     166
     147
     156
     152
     154
     157
     125
     146
     171
     153
     147
     149
     169
     167
     135
     159
     172
     160
     193
     145
     160
     145
     160
     147
     140
     148
     154
     155
     149
     156
     167
     155
     151
     174
     140
     136
     166
     153
     161
     178
     151
     160
     137
     145
     136
     141
     135
     146
     166
     152
     148
     153
     156
     163
     141
     161
     115
     165
     146
     150
     148
     141
     173
     149
     161
     142
     156
     139
     160
     155
     147
     145
     179
     160
     150
     160
     145
     129
     148
     171
     165
     157
     158
     157
     143
     159
     165
     158
     138
     158
     148
     184
     162
     153
     158
     166
     166
     163
     141
     157
     167
     150
     159
     157
     164
     150
     159
     153
     174
     166
     159
     165
     146
     144
     162
     134
     165
     151
     168
     184
     167
     146
     159
     159
     158
     146
     173
     147
     172
     164
     188
     142
     180
     162
     157
     185
     173
     151
     179
     156
     164
     174
     164
     155
     152
     157
     165
     132
     164
     175
     147
     166
     145
     168
     142
     177
     157
     146
     146
     159
     169
     136
     158
     170
     169
     158
     161
     188
     170
     170
     159
     163
     140
     155
     163
     155
     169
     153
     140
     181
     168
     156
     138
     158
     160
     168
     167
     171
     156
     168
     187
     149
     141
     155
     182
     162
     188
     173
     179
     170
     158
     159
     159
     151
     184
     153
     152
     167
     152
     173
     181
     148
     167
     151
     169
     168
     155
     151
     158
     151
     162
     160
     170
     142
     163
     167
     165
     147
     148
     162
     156
     171
     150
     148
      81
      32
      10
       1
       0
       0
       0
       0
       0
       0
       0
       0
       0
       0
       0
       1
       0
       1
       0
       0
       0
       0
       0
       1
       1
       0
       0
       0
       1
       0
       0
       0
       0
       0
       0
       1
       1
       0
       0
       0
       0
       0
       0
       0
       0
       0
       0
       0
       0
       0
       0
       0
       0
       0
       0
       0
       0
       0
       0
       0
       0
       0
       0
       0
       0
       0
       0
       0
       0
       0
       0
       0
       0
       0
       0
       0
       0
       0
       0
       1
       0
       0
       0
       0
       0
       0
       0
       0
       0
       0
       0
       0
       0
       0
       0
       0
       0
       0
       0
       0
       0
       0
       0
       0
       0
       0
       0
       0
       0
       0
       0
       0
       0
       0
       0
       0
       0
       0
       0
       0
       0
       0
       0
       0
       0
       0
       0
       0
       0
       0
       0
       0
       0
       0
       0
       0
       0
       0
       0
       0
       0
       0
       0
       0
       0
       0
       0
       0
       0
       0
       0
       0
       0
       0
       0
       0
       0
       0
       0
       0
       0
       0
       0
       0
       0
       0
       0
       0
       0
       0
       0
       0
       0
       0
       0
       0
       0
       0
       0
       0
       0
       0
       0
       0
       0
       0
       0
       0
       0
       0
       0
       0
       0
       0
       0
       0
       0
       0
       0
       0
       0
       0
       0
       0
       0
       0
       0
       0
       0
       0
       0
       0
       0
       0
       0
       0
       0
       0
       0
       0
       0
       0
       0
       0
       0
       0
       0
       0
       0
       0
       0
       0
       0
       0
       0
       0
       0
       0
       0
       0
$ROI:
0
$PRESETS:
Live Time
1200
0
$ENER_FIT:
0.000000 0.000000
$MCA_CAL:
3
0.000000E+000 0.000000E+000 0.000000E+000 
$SHAPE_CAL:
3
6.448958E+001 0.000000E+000 0.000000E+000
