---------- Group Size 3 ----------
0.035288477283118264,1.1743254841976977e-25,0.0
0.099197463926444934,1.1628764675860627e-25,0.0
0.13227796767658639,1.152833584615852e-25,0.0
0.15872218691821272,1.1428872958200772e-25,0.0
0.1815389059270105,1.1329985234697113e-25,0.0
0.2019820596691099,1.1231579115022797e-25,0.0
0.22072102564897178,1.1133621505025803e-25,0.0
0.2381637083660641,1.1036098345400184e-25,0.0
0.25458060515011066,1.0939003166594929e-25,0.0
0.27016204235558117,1.0842333028886841e-25,0.0
0.28504796750023365,1.0746086826837848e-25,0.0
0.29934485808504457,1.0650264493777599e-25,0.0
0.31313596804071619,1.0554866594379738e-25,0.0
0.32648786504806737,1.0459894101230047e-25,1.0722036416389226e-29
0.33945477878443309,1.0365348265407422e-25,0.0
0.35208159443474207,1.0271230538116066e-25,8.5917198531583848e-27
0.36440597411785958,1.0177542521477285e-25,1.2132311338397368e-26
0.37645989792941714,1.0084285936704946e-25,1.186948030311032e-26
0.38827080756371291,9.991462603032606e-26,1.0292826611960343e-26
0.39986247099256644,9.8990744235075279e-26,1.1697794992806654e-26
0.41125564707838091,9.8071233752966313e-26,1.1641942533415145e-26
0.422468603927728,9.7156115030337745e-26,1.1228689925804827e-26
0.43351752848869768,9.6245409142650946e-26,1.1312538379865555e-26
0.44441685403878173,9.533913776373232e-26,9.8195459901036178e-27
0.45517952482553292,9.4437323145653366e-26,8.9799582022683948e-27
0.46581721200249282,9.3539988106412828e-26,1.1401156499219157e-26
0.47634049139160495,9.2647156023451285e-26,1.1595567942833677e-26
0.48675899101576114,9.1758850831609956e-26,9.9568990930754557e-27
0.49708151446439786,9.0875097024540766e-26,1.2714453906348428e-26
0.50731614476999587,8.9995919658851156e-26,1.1532514340781498e-26
0.51747033244094132,8.9121344360459483e-26,9.1081382755414344e-27
0.52755097051805289,8.8251397332775765e-26,9.5312692914373291e-27
0.53756445892946836,8.7386105366421807e-26,1.0103221151884683e-26
0.54751675996295401,8.6525495850278588e-26,1.1370475765813392e-26
0.55741344632120571,8.5669596783702004e-26,1.0227520571644575e-26
0.56725974294920656,8.4818436789789769e-26,8.498809529492551e-27
0.57706056360470726,8.3972045129611897e-26,9.0514539798731503e-27
0.58682054296976704,8.3130451717341404e-26,9.8421572329416815e-27
0.59654406496285151,8.2293687136240265e-26,8.1098032857525858e-27
0.60623528779957869,8.1461782655469321e-26,8.2589354371552592e-27
0.61589816625997562,8.0634770247702911e-26,1.0090477062433151e-26
0.62553647154665248,7.981268260753771e-26,1.0652692778406587e-26
0.63515380905813545,7.8995553170692697e-26,9.9630879798967225e-27
0.64475363435209299,7.8183416134004233e-26,1.0071288470266038e-26
0.65433926753224747,7.7376306476223929e-26,8.2285527903616163e-27
0.66391390625874847,7.6574259979632639e-26,1.0780862931321636e-26
0.67348063755339371,7.5777313252487923e-26,1.0150341479495e-26
0.68304244854731455,7.4985503752324503e-26,9.119981261801909e-27
0.69260223629872719,7.4198869810131909e-26,8.9335702300903414e-27
0.7021628167914763,7.3417450655435638e-26,9.5477375370678928e-27
0.71172693321078806,7.2641286442310841e-26,9.1905635765955653e-27
0.72129726358049995,7.1870418276360577e-26,9.4477163030986763e-27
0.73087642783566942,7.1104888242692656e-26,9.2092391676530617e-27
0.74046699439561248,7.0344739434932435e-26,9.2537949115576497e-27
0.75007148629483245,6.959001598531062e-26,9.3091402934280555e-27
0.75969238692278707,6.8840763095867978e-26,9.0475457203228476e-27
0.76933214541782613,6.8097027070821564e-26,7.9752081509921501e-27
0.77899318175581211,6.7358855350139355e-26,8.9231336606992045e-27
0.78867789156974533,6.6626296544373167e-26,9.6949679339768385e-27
0.79838865073313037,6.5899400470802544e-26,8.8747401335028888e-27
0.80812781973668768,6.5178218190944748e-26,9.6563167676844822e-27
0.81789774788533998,6.4462802049489376e-26,9.6375533773596788e-27
0.8277007773400602,6.3753205714719736e-26,1.0536186409712084e-26
0.83753924702718097,6.3049484220484999e-26,1.1020936716381572e-26
0.84741549643603231,6.2351694009792399e-26,1.2374794141506657e-26
0.85733186932430716,6.16598929800912e-26,1.2415587899289116e-26
0.86729071734930119,6.0974140530323855e-26,1.277905051943446e-26
0.8772944036421082,6.0294497609825538e-26,1.2262128328051733e-26
0.88734530634098907,5.9621026769154849e-26,1.1564424093988933e-26
0.89744582209939894,5.8953792212945683e-26,1.2264217393817082e-26
0.90759836958359208,5.8292859854873128e-26,1.1296576667646209e-26
0.91780539297428798,5.7638297374832331e-26,1.0273512147644021e-26
0.92806936548657415,5.6990174278434266e-26,1.1036416174746396e-26
0.9383927929220266,5.6348561958928262e-26,9.7727700807294957e-27
0.94877821726696365,5.5713533761666842e-26,8.7432644707896465e-27
0.95922822035077782,5.5085165051235254e-26,9.1246606005955115e-27
0.96974542757844295,5.4463533281374617e-26,8.776093715012267e-27
0.98033251175154679,5.3848718067834659e-26,8.352573017657148e-27
0.9909921969925638,5.3240801264300344e-26,7.7210226027482714e-27
1.0017272627875631,5.2639867041544204e-26,6.83567643007636e-27
1.0125405481631389,5.2046001969965113e-26,7.3827607779801953e-27
1.0234349560140648,5.1459295105683653e-26,7.0406465767215572e-27
1.0344134575990158,5.0879838080373762e-26,6.7824374062829723e-27
1.0454790972226902,5.0307725195021116e-26,6.7035486700693316e-27
1.0566349971237718,4.9743053517809855e-26,6.2029480756494615e-27
1.0678843625894818,4.9185922986350952e-26,6.3315589977625339e-27
1.07923048731891,4.86364365144786e-26,6.0177868751541873e-27
1.0906767590589792,4.8094700103854283e-26,6.0526822927460074e-27
1.1022266655387516,4.7560822960632824e-26,5.6215327339941737e-27
1.113883800729875,4.7034917617460466e-26,5.8294403100864743e-27
1.1256518714633357,4.651710006109098e-26,5.3893412350441045e-27
1.1375347044353084,4.6007489865924306e-26,5.0065630206455142e-27
1.1495362536378801,4.5506210333790552e-26,5.4552474584016655e-27
1.1616606082537468,4.5013388640323026e-26,4.9095339050085865e-27
1.1739120010577344,4.4529155988285196e-26,5.043706576910541e-27
1.1862948173722065,4.4053647768240384e-26,5.2619462282791622e-27
1.198813604628167,4.3587003726977672e-26,4.3261855888004954e-27
1.2114730825892062,4.3129368144134312e-26,4.11649632559066e-27
1.2242781543014778,4.2680890017484094e-26,4.3299669446637269e-27
1.2372339178397089,4.2241723257391808e-26,4.6340050217021854e-27
1.250345678926966,4.181202689096721e-26,4.0486879594296833e-27
1.2636189645146516,4.1391965276488284e-26,3.9390527612054887e-27
1.2770595374191605,4.0981708328701111e-26,3.5519902355859848e-27
1.2906734121229522,4.058143175564643e-26,3.9180049284585178e-27
1.304466871860718,4.0191317307706557e-26,3.6185913839564767e-27
1.3184464871261095,3.9811553039615469e-26,3.8021619907809061e-27
1.3326191357514463,3.9442333586226461e-26,3.5832707523415721e-27
1.3469920247322957,3.9083860452888115e-26,3.0947711537040253e-27
1.3615727139912654,3.87363423213402e-26,3.3362541715704284e-27
1.3763691423012872,3.839999537210655e-26,3.2029195515378706e-27
1.3913896556187102,3.8075043624433563e-26,2.9422053444092181e-27
1.4066430381114654,3.7761719294899469e-26,3.0292455578619344e-27
1.4221385462082572,3.7460263175903191e-26,3.1292292067273946e-27
1.4378859460423739,3.717092503533243e-26,2.7958726745092966e-27
1.4538955547195869,3.6893964038808338e-26,2.7017149937949186e-27
1.4701782859054364,3.6629649196011642e-26,2.9195715854454194e-27
1.4867457003050055,3.6378259832710864e-26,2.5032944603603655e-27
1.5036100617006296,3.6140086090239666e-26,2.6552824170786229e-27
1.5207843993230272,3.5915429454309012e-26,2.6250332581165962e-27
1.5382825774630271,3.5704603315189287e-26,2.4433594089492274e-27
1.5561193733893748,3.5507933561462698e-26,2.633904951412764e-27
1.5743105648293083,3.5325759209725619e-26,2.5275187613882157e-27
1.5928730285007142,3.5158433072817683e-26,2.4190016675671642e-27
1.6118248514679061,3.5006322469370501e-26,2.4503912749199303e-27
1.6311854574406277,3.4869809977706299e-26,2.2405868573108085e-27
1.650975750564867,3.4749294237378397e-26,2.2192449970427124e-27
1.6712182797868447,3.46451908019339e-26,2.1906865956200653e-27
1.6919374275376295,3.4557933046798724e-26,2.1749039769567238e-27
1.7131596273243754,3.4487973136539595e-26,2.0519959610031214e-27
1.7349136158777847,3.4435783056152755e-26,2.0639640662577742e-27
1.7572307268651981,3.4401855711472107e-26,2.0393665917110048e-27
1.7801452349319997,3.4386706104287022e-26,1.9705770471320286e-27
1.8036947611153962,3.4390872588325746e-26,2.0162285251971056e-27
1.8279207536722315,3.4414918212905996e-26,1.9346899355358932e-27
1.8528690623429538,3.4459432161802345e-26,1.7158867433318085e-27
1.878590629419886,3.4525031295756831e-26,1.9415319503092983e-27
1.9051423282571782,3.4612361808107338e-26,1.8501704106082488e-27
1.9325879898776086,3.4722101004286968e-26,1.7511243199194282e-27
1.9609996723407708,3.4854959217553691e-26,1.8310809347346386e-27
1.9904592474458562,3.5011681875391779e-26,1.6334254998601908e-27
2.0210604081395998,3.519305173383374e-26,1.562921009564418e-27
2.0529112424790417,3.539989130090528e-26,1.7816919983443416e-27
2.0861375840428251,3.5633065476238221e-26,1.6513497080130481e-27
2.1208874476339123,3.589348444298469e-26,1.5065311859160914e-27
2.1573370162801462,3.6182106863078912e-26,1.43293798483952e-27
2.1956989031523504,3.6499943452758393e-26,1.5400109685772712e-27
2.2362338498640333,3.6848061062784015e-26,1.389141720093824e-27
2.2792677988391663,3.7227587480675136e-26,1.4257809999581685e-27
2.325217723772198,3.7639717366488397e-26,1.3232107915773975e-27
2.374632463133727,3.8085720172453414e-26,1.2665619156175653e-27
2.4282608911650136,3.856695198366527e-26,1.2115474692622333e-27
2.4871739780108104,3.9084876234836678e-26,1.1317663319753885e-27
2.5530047608418318,3.9641107979964519e-26,1.0574087971711638e-27
2.62848708288033,4.0237534886404226e-26,9.6785768182921993e-28
2.7189447312102373,4.0876777364991136e-26,9.0085767681276406e-28
2.8384495281870694,4.1565331486154674e-26,7.8646855462149241e-28
nan,nan,nan
nan,nan,nan
nan,nan,nan
---------- Group Size 5 ----------
0.049991677329131436,1.1726434269814076e-25,0.0
0.13125467679755148,1.1531847838390709e-25,0.0
0.17380255935858813,1.1364834777754239e-25,0.0
0.2081389031653747,1.1200194265027123e-25,0.0
0.23799392727412694,1.1037076075656951e-25,0.0
0.26492921358768018,1.087527432103628e-25,0.0
0.28978166424304136,1.07147179286976e-25,0.0
0.31306295338652412,1.055537902875535e-25,0.0
0.33511340538362033,1.0397247263910356e-25,5.3265073072088363e-30
0.35617318701601769,1.0240320589649583e-25,8.5008155026929632e-27
0.37641945182292352,1.0084601409672848e-25,9.198442543259206e-27
0.39598746286612324,9.9300947581325626e-26,9.5960359153306544e-27
0.41498341347040757,9.7768073699875139e-26,9.617665437598007e-27
0.43349261819183904,9.6247471746951948e-26,9.0803083467497771e-27
0.4515849675377579,9.4739230073582246e-26,7.7899895345395377e-27
0.46931868738469851,9.324344438646158e-26,9.8920524709692425e-27
0.4867430060711867,9.1760216730607581e-26,8.5490079603273233e-27
0.50390009401240798,9.0289654883596348e-26,1.0161495812053329e-26
0.52082650491058469,8.8831872008121151e-26,7.9686248284749638e-27
0.53755426703146081,8.7386986473127515e-26,8.7362363373766458e-27
0.55411172347157822,8.5955121789252865e-26,8.478004928775771e-27
0.57052418894849422,8.4536406624857021e-26,7.3754750130891737e-27
0.58681447021797362,8.3130974881238856e-26,7.6623467413061793e-27
0.60300328361092048,8.1738965813224266e-26,6.8445580779061774e-27
0.61910959392008036,8.0360524186122625e-26,8.4529690261747223e-27
0.63515089244249556,7.8995800463172427e-26,8.4359702768892901e-27
0.65114342745140896,7.764495101968345e-26,7.6056473669799588e-27
0.66710239712380115,7.6308138381504918e-26,8.696438215344005e-27
0.68304211258977077,7.4985531486447677e-26,7.860892048696704e-27
0.6989761370328329,7.3677305968010094e-26,7.7067704590692622e-27
0.71491740547655813,7.2383644461292739e-26,7.8065331073743435e-27
0.73087832891931148,7.1104736931403128e-26,7.7072186661525686e-27
0.74687088573901872,6.9840781024982684e-26,7.6939201612436099e-27
0.76290670272292638,6.8591982445769257e-26,7.0790569478999851e-27
0.77899712763960738,6.7358555355351026e-26,7.4823909575529652e-27
0.7951532949304555,6.6140722800492443e-26,7.6922622936846971e-27
0.81138618583249467,6.4938717168625101e-26,8.0037815639117493e-27
0.827706684036567,6.3752780673304567e-26,8.757064573524575e-27
0.84412562782214873,6.2583165871646254e-26,9.8562022679411109e-27
0.8606538594827905,6.1430136215971698e-26,1.0645324860103507e-26
0.87730227275736894,6.0293966642125606e-26,1.0051110752865082e-26
0.89408185890666414,5.9174944197168831e-26,9.9514058949508725e-27
0.9110037520182297,5.8073368709415999e-26,9.0267869065029081e-27
0.92807927408216262,5.6989553504070047e-26,9.0797446300341984e-27
0.94531998035401998,5.5923826168017863e-26,7.4523659092611602e-27
0.96273770550728321,5.4876529367689936e-26,7.5671289625915183e-27
0.9803446110754549,5.3848021724260155e-26,6.8971229372575869e-27
0.99815323469258588,5.2838678750873056e-26,5.9392456805037234e-27
1.0161765416606745,5.1848893857038417e-26,5.8809782502189947e-27
1.0344279794032891,5.0879079425835448e-26,5.8276959402099805e-27
1.0529215354076447,4.9929667970123815e-26,5.3410475601543329e-27
1.0716717993133544,4.90011133745759e-26,5.0888358906534231e-27
1.0906940298768437,4.8093892231030412e-26,5.0060805821242212e-27
1.1100042276280848,4.7208505275431232e-26,4.8276571637745321e-27
1.1296192141437882,4.6345478935466669e-26,4.3078758876956003e-27
1.1495567189920675,4.5505366998976333e-26,4.4343168972279331e-27
1.1698354755625926,4.4688752414256382e-26,4.1578123647280745e-27
1.1904753271892221,4.3896249234586637e-26,4.0549571118393739e-27
1.2114973452066558,4.3128504720641449e-26,3.4695110544568186e-27
1.2329239608683389,4.2386201615950257e-26,3.8064922963386341e-27
1.254779113402049,4.167006061226734e-26,3.3419608043894924e-27
1.2770884169081231,4.0980843023621543e-26,3.0803824646392632e-27
1.2998793493337522,4.031935368997475e-26,3.114733216715046e-27
1.3231814674119402,3.9686444133863318e-26,3.1253265638631485e-27
1.3470266522708854,3.9083015996168823e-26,2.6605702083434964e-27
1.371449391445301,3.8510024780318067e-26,2.7228406678172716e-27
1.3964871043179508,3.7968483937804703e-26,2.5169208228329045e-27
1.4221805196714152,3.7459469332029169e-26,2.5231827886814675e-27
1.4485741161513208,3.6984124122154784e-26,2.2602657396516661e-27
1.4757166391903769,3.6543664114079208e-26,2.2506736523914804e-27
1.5036617115368052,3.6139383631846559e-26,2.238374418732273e-27
1.532468559279812,3.5772661970031376e-26,2.081673648416577e-27
1.5622028816095941,3.5444970496001776e-26,2.1723500527787325e-27
1.5929379011282254,3.515788048075973e-26,1.9980405091079896e-27
1.6247556432794923,3.4913071748576405e-26,1.9635055136157033e-27
1.6577485097942735,3.4712342249309342e-26,1.8356007992824031e-27
1.6920212340920497,3.4557618673681315e-26,1.7663197686550577e-27
1.7276933396625096,3.4450968251741845e-26,1.7467537747025422e-27
1.7649022708563247,3.4394611899448217e-26,1.6676428932130901e-27
1.8038074378445148,3.4390938909718472e-26,1.6541184662058652e-27
1.8445955281643944,3.4442523425615616e-26,1.5145367655727991e-27
1.8874876111227961,3.4552142990108476e-26,1.59017508948212e-27
1.9327488428270534,3.4722799549534331e-26,1.5024348678723982e-27
1.9807020514571396,3.4957743417087204e-26,1.4104894324661264e-27
2.0317473056516224,3.5260500922025911e-26,1.355085963636613e-27
2.0863910746013428,3.5634906879046989e-26,1.3978955726139953e-27
2.1452915018062146,3.6085143854703742e-26,1.2136927236669239e-27
2.2093323514762706,3.6615792144419802e-26,1.24002419776827e-27
2.2797518162413422,3.7231899405247954e-26,1.1586672970364954e-27
2.3583867592840284,3.7939094015392759e-26,1.0726119160471909e-27
2.4481938658553979,3.8743821167798992e-26,9.688656000056637e-28
2.554579332570742,3.9654042822466134e-26,8.9115322212239741e-28
2.6900662896071998,4.0682742553131373e-26,7.720879547741898e-28
2.9237916928621477,4.1931389671605371e-26,6.3562495167084096e-28
nan,nan,nan
---------- Group Size 10 ----------
0.075313886012019035,1.1684049597707803e-25,0.0
0.18985321657797505,1.1291055314744701e-25,0.0
0.25098058234267739,1.096072178730731e-25,0.0
0.30114760715910605,1.0637955976380823e-25,0.0
0.34546507688235412,1.0320792927416922e-25,3.8109204015335903e-27
0.38607949055813906,1.0008787651751344e-25,8.3542658584903732e-27
0.42414823840833887,9.7018224193453443e-26,8.3079619011273739e-27
0.46038537171018035,9.3998886144056222e-26,7.8664251530786947e-27
0.49527197946970936,9.1030252160465734e-26,8.3217811729916552e-27
0.52915363665931525,8.8112969196483999e-26,7.4272210062262828e-27
0.56229133896595807,8.5247852153972855e-26,7.0414475534453001e-27
0.59489055023499193,8.243584503096525e-26,6.4440647849992374e-27
0.62711891576689416,7.9678004417622095e-26,7.5059806685105405e-27
0.65911766608908495,7.697549411047865e-26,7.2498316464590322e-27
0.69100930531650429,7.4329585915492318e-26,6.9181735901309111e-27
0.72290301319475181,7.1741664339272505e-26,6.8944425610204821e-27
0.7548985918104747,6.9213234066380614e-26,6.5629046251748633e-27
0.78708946336040797,6.6745929712948777e-26,6.7451272234331555e-27
0.81956504111027018,6.43415276650683e-26,7.4526372721121608e-27
0.85241268731355246,6.200195999881659e-26,9.1153753409364692e-27
0.88571940654000691,5.9729330604712059e-26,8.8893581382889735e-27
0.91957338309759584,5.7525933736391541e-26,8.0474565977739504e-27
0.95406544741575161,5.5394275289569599e-26,6.6757817649085179e-27
0.98929054304045294,5.3337097203809212e-26,5.6999556564872621e-27
1.0253492603518568,5.1357405473957717e-26,5.2034584456973738e-27
1.0623495038381927,4.9458502366654383e-26,4.6340216454947497e-27
1.1004083663913586,4.764402356639188e-26,4.369445267272123e-27
1.1396542971812758,4.5917981132264457e-26,3.8860414847250724e-27
1.1802296707357085,4.4284813339299703e-26,3.6494098975661727e-27
1.2222938966700563,4.274944271800872e-26,3.235715919365219e-27
1.2660272566878767,4.1317343906702361e-26,2.8526508080580153e-27
1.3116357255349684,3.9994623312222626e-26,2.7733219331317635e-27
1.3593571379224842,3.8788113062009632e-26,2.3929349734948518e-27
1.409469224831301,3.770548236020835e-26,2.2399805666278754e-27
1.4623002959643729,3.6755370185147034e-26,2.0046845479459901e-27
1.5182437545033003,3.5947544363296253e-26,1.918767158230316e-27
1.5777783147325295,3.5293093549139854e-26,1.8520676516410399e-27
1.641496983824835,3.480466073985379e-26,1.6873551032421055e-27
1.7101500406680348,3.4496730044929837e-26,1.5610448379345194e-27
1.7847114349490387,3.4385983318316345e-26,1.4760355947514945e-27
1.8664866920240157,3.4491751863609832e-26,1.3803017472098308e-27
1.9572999289661952,3.4836606094906818e-26,1.2935379737778742e-27
2.0598467804935963,3.5447170627903195e-26,1.2236065183135074e-27
2.1784444668733212,3.6355397706265639e-26,1.0903665270534387e-27
2.3209420705869293,3.760118952224647e-26,9.9018900072666365e-28
2.5054609240262193,3.9242174154826568e-26,8.2487802610948e-28
2.8421379459548595,4.1583421020800704e-26,6.204440255031475e-28
