$SPEC_ID:
No sample description was entered.
$SPEC_REM:
DET# 12901
DETDESC# GY222-02 Easy-MCA-2k SN 11080665
AP# Maestro Version 7.01
$DATE_MEA:
04/20/2017 09:51:18
$MEAS_TIM:
1200 1203
$DATA:
0 2047
       0
       0
       0
       0
       0
       0
       0
       0
       0
       0
       0
       0
       0
       0
       0
       0
       0
       0
       0
       0
       0
       0
       0
       0
       0
       0
       0
       0
       0
       0
       0
       0
       0
       0
       0
       0
       0
       0
       0
       0
       0
       1
       0
       0
       0
       0
     336
     481
     383
     422
     360
     354
     426
     371
     273
     410
     325
     417
     368
     372
     459
     345
     359
     411
     354
     368
     382
     446
     325
     330
     328
     353
     258
     374
     302
     406
     393
     399
     441
     447
     343
     305
     375
     388
     423
     478
     477
     379
     404
     480
     251
     416
     341
     478
     284
     304
     426
     365
     351
     529
     401
     369
     473
     360
     348
     367
     357
     268
     354
     382
     332
     505
     285
     384
     322
     307
     349
     383
     324
     300
     460
     409
     375
     439
     409
     480
     412
     522
     322
     391
     475
     418
     455
     251
     355
     574
     424
     408
     478
     393
     468
     414
     401
     402
     413
     457
     336
     457
     431
     416
     438
     420
     412
     439
     457
     425
     359
     446
     498
     453
     478
     394
     441
     417
     491
     425
     419
     483
     381
     377
     426
     496
     484
     361
     482
     531
     462
     454
     411
     502
     474
     469
     563
     447
     554
     521
     594
     496
     595
     595
     608
     582
     656
     657
     717
     658
     683
     722
     765
     725
     661
     712
     714
     665
     676
     762
     560
     702
     753
     692
     692
     621
     691
     519
     694
     634
     664
     726
     621
     664
     620
     521
     578
     495
     564
     614
     555
     563
     577
     577
     535
     571
     557
     502
     527
     528
     473
     469
     468
     435
     523
     484
     496
     440
     463
     551
     530
     420
     471
     470
     518
     437
     414
     498
     426
     475
     480
     431
     396
     457
     484
     473
     461
     431
     409
     427
     451
     443
     454
     458
     422
     437
     413
     385
     387
     428
     410
     456
     462
     403
     427
     384
     381
     485
     401
     430
     460
     453
     367
     371
     384
     385
     335
     365
     360
     354
     446
     390
     459
     413
     387
     358
     376
     340
     400
     369
     359
     324
     334
     378
     364
     399
     321
     364
     387
     375
     358
     413
     361
     388
     350
     315
     324
     327
     345
     344
     371
     338
     337
     361
     381
     338
     250
     349
     350
     317
     331
     341
     397
     338
     316
     319
     376
     265
     317
     350
     352
     353
     314
     268
     340
     363
     299
     335
     344
     299
     362
     276
     332
     346
     382
     373
     294
     361
     332
     334
     371
     282
     350
     320
     334
     383
     314
     340
     314
     331
     319
     329
     347
     305
     335
     341
     306
     354
     290
     333
     342
     314
     333
     345
     336
     287
     379
     340
     309
     341
     336
     360
     340
     323
     354
     340
     299
     338
     286
     341
     360
     368
     326
     370
     347
     349
     303
     359
     377
     358
     348
     305
     291
     394
     299
     353
     319
     355
     372
     408
     357
     352
     370
     340
     326
     344
     347
     300
     339
     361
     371
     356
     316
     364
     328
     349
     349
     365
     337
     366
     311
     312
     327
     359
     324
     313
     345
     303
     301
     340
     301
     292
     315
     283
     292
     281
     270
     298
     253
     262
     219
     258
     197
     274
     207
     252
     217
     185
     181
     167
     160
     189
     184
     173
     143
     165
     141
     154
     137
     135
     123
     112
     141
     111
     151
     126
     119
     118
     123
      90
     106
      98
      89
     102
      89
      83
      75
      63
      76
      97
     105
      87
      75
      49
      95
      87
      37
      54
      55
      58
      57
      82
      32
      62
      53
      51
      72
      54
      95
      78
      62
      66
      63
      53
      55
      41
      60
      28
      43
      42
      22
      43
      43
      26
      37
      45
      54
      37
      15
      22
      33
      30
      40
      48
      43
      22
      55
      40
      22
      19
      41
      30
      18
      37
      16
      35
      17
      13
      37
      10
      28
      16
      34
      28
      25
      27
      12
      23
      26
      33
      35
      41
      22
      26
      40
      39
      29
      28
      32
      37
      48
      24
      24
      32
      30
       0
      17
      33
      32
      16
      52
      28
      46
      42
      40
      42
      37
      21
      42
      66
      64
      44
     109
      92
      92
      75
     114
      99
     121
     156
     151
     166
     188
     207
     230
     222
     284
     281
     343
     336
     391
     424
     464
     481
     572
     583
     562
     660
     718
     734
     849
     967
     896
     936
    1129
    1073
    1164
    1257
    1230
    1331
    1382
    1420
    1551
    1491
    1629
    1696
    1689
    1678
    1806
    1821
    1859
    1798
    1877
    1851
    1767
    1905
    1803
    1839
    1823
    1729
    1766
    1750
    1659
    1634
    1560
    1527
    1519
    1490
    1361
    1387
    1234
    1195
    1123
    1067
     948
     900
     826
     769
     772
     659
     654
     620
     533
     512
     407
     411
     319
     340
     304
     253
     198
     176
     173
     167
     112
     122
      95
      88
      60
      83
      60
      29
      15
      15
      26
      31
      17
       3
       5
      11
       0
       8
       6
       0
       0
       2
       0
       5
      13
       0
       0
       4
       9
       2
       3
       8
       0
      11
       3
       2
       0
       0
      15
       0
       0
      11
       9
       0
       5
       6
       4
       8
       0
       2
       4
       0
       7
       0
       2
       5
       3
       4
       0
       0
       0
       0
       6
       0
       6
       0
       0
       0
       0
       0
       4
       4
       0
       8
       0
       5
       0
       9
       0
       0
       0
       0
       0
       0
       0
      12
       6
      10
       0
       1
       0
       6
      10
       0
       3
       0
       0
       0
       4
       6
       4
       0
       0
      11
       0
       1
       3
       0
       0
       4
       2
       3
       0
       9
       0
       4
       1
       0
      17
      10
       4
       0
       4
      12
      14
       0
       0
       9
       1
       5
       0
       3
      13
       0
       6
       0
       1
      10
       0
       4
       0
       1
       0
       0
       3
       1
       0
       1
       8
       0
       6
       0
       4
       7
       9
      12
       0
       3
       0
       0
       7
       4
       0
       6
       0
       0
       5
       8
       0
       9
       0
       0
       6
       0
       0
       0
       2
       0
       0
       8
       0
       0
      11
       0
       6
       5
       0
       0
       0
       7
       0
       0
       0
       0
      11
      13
       0
       5
       0
       1
      10
       0
       8
       0
       0
       0
       1
       2
       0
       0
       0
       6
       0
       0
       0
       7
       3
      12
       1
      13
       0
       0
       4
       0
       7
       4
       0
       4
       0
       3
       9
       0
       0
       5
       0
       1
       0
       0
      15
       0
       0
       0
       0
       0
       0
       5
       0
       0
      12
       0
       0
       0
      14
      13
       0
       6
       0
       5
       0
       0
      10
       0
       2
       0
       0
       7
       6
       0
      11
       1
       7
       0
      11
       0
       0
       5
       0
       7
       0
       8
       5
       0
       3
       1
       0
       0
       0
       0
       0
       9
       0
       0
       0
       0
       0
       1
       0
       8
       0
       0
       0
       0
       6
       3
       0
      13
       0
       0
       4
       2
       1
       8
       0
       9
       2
       6
       2
       0
       1
       1
       0
       0
       0
       7
       0
       0
       1
       0
       0
       5
       7
       0
       0
       0
       0
       6
       0
       5
       0
       0
       3
      10
      10
       3
       5
       0
       3
       1
       0
       0
       5
       0
       5
       0
       0
       0
       0
       0
       0
       3
       0
       4
       0
       0
       0
       4
       1
       0
       0
       8
       0
       9
       0
       0
       0
       0
       2
       0
      11
       4
       0
       9
       0
       4
       3
      10
       0
      10
       6
       9
       0
       0
       0
       9
       0
       0
       0
       0
       0
       0
       0
       0
       3
       0
       8
      12
       0
       0
       3
       0
       0
       0
       2
       1
       0
       0
       0
       0
       0
       6
       6
      13
       8
       0
       0
       4
       4
       3
       4
       0
       2
       4
       0
       0
       7
       0
       0
       0
       0
       3
       0
       5
       0
       2
       0
       0
       0
       3
       1
       0
       0
       1
       0
       5
       2
       1
       0
       2
       7
       0
       4
       1
       0
       0
       4
       0
       0
       0
       3
       0
       5
       0
       0
       2
       0
       6
       0
       0
       3
       0
       6
       2
       0
       0
       0
       0
       0
       7
       2
       6
       0
       1
       2
       1
       7
      11
      10
       4
       0
       7
       1
       0
       1
       3
       0
       0
       2
       0
       0
       0
      14
       0
       0
       0
       0
       0
       0
       1
       0
       0
      11
       0
       4
       0
       1
       0
       4
       8
       9
       0
       0
       0
       0
       4
       0
       9
       3
       0
       3
       2
       0
       0
       0
       5
       1
       9
       0
       5
       0
       0
       3
       0
       0
       0
       0
       0
       0
       0
       0
       3
       0
       3
       1
       0
       0
       0
       2
       0
       0
       0
       5
       0
       0
       0
       5
       0
       0
       1
       2
       0
       3
       3
       1
       0
       5
       0
       1
       0
       0
       0
       1
       4
       2
       0
       0
       2
       0
       0
       0
       1
       0
       6
       6
       0
       0
       0
       3
       0
       3
      12
       4
       1
       4
       1
       0
       0
       1
       0
       4
       0
       0
       0
       3
       0
       1
       7
       0
       2
       0
       0
       0
       0
       1
       6
       1
       1
       2
       5
       2
       0
       7
       0
       2
       0
       0
       0
       4
       0
       0
       0
       1
       2
       1
       0
       0
       3
       0
       7
       8
       1
       0
       0
       6
       0
       0
       0
       2
       1
       0
       0
       5
       3
       4
       5
       0
       8
       0
       0
       6
       0
       2
       0
       2
       0
       6
       6
       0
       3
       0
       0
       6
       2
       0
       3
       0
       2
       0
       5
       0
       0
       3
       0
       3
       3
       0
       5
       3
       0
       0
       5
       7
       3
       0
       0
       0
       0
       0
       0
       2
       5
       0
       0
      11
       3
       0
       3
       0
       0
       1
       0
       6
       0
       0
       0
       0
       0
       9
       0
       0
       6
       3
       0
       2
       0
      14
       4
       0
       0
       0
       0
       6
       4
       3
       0
       2
      10
       5
       0
       2
       6
       2
       0
       0
       6
       0
       7
       0
       6
       4
       0
       0
       5
       1
       1
       0
       1
       0
       7
       0
       4
       0
       1
       0
       4
       0
       1
       3
       2
       1
       0
       0
       1
       0
       0
       4
       2
       0
       0
       0
       0
       4
       0
       3
       1
       1
       0
       0
       0
       0
       4
       3
       2
       0
       0
       0
       3
       1
       1
       0
       5
       0
       0
       0
       1
       0
       0
       2
       2
       0
       2
       0
       0
       4
       6
       0
       0
       0
       0
       2
       0
       3
       0
       2
       7
       2
       1
       0
       0
       0
       0
       0
       1
       0
       0
       0
       0
       0
       0
       0
       0
       0
       0
       2
       0
       0
       0
       3
       0
       1
       7
       0
       4
       0
       1
       2
       0
       0
       0
       0
       0
       1
       3
       0
       0
       0
       0
       7
       2
       3
       0
       0
       0
       0
       3
       0
       0
       0
       0
       0
       2
       0
       0
       4
       0
       0
       3
       1
       0
       2
       0
       4
       5
       0
       0
       0
       0
       0
       1
       4
       0
       1
       0
       3
       1
       0
       2
       0
       1
       2
       0
       0
       0
       0
       0
       3
       1
       0
       0
       1
       0
       0
       0
       0
       0
       0
       0
       1
       0
       0
       2
       3
       4
       0
       0
       0
       4
       0
       2
       0
       0
       3
       0
       1
       2
       0
       0
       1
       0
       0
       6
       1
       2
       0
       0
       1
       0
       0
       4
       1
       0
       3
       0
       0
       1
       4
       3
       0
       0
       5
       1
       0
       0
       2
       0
       0
       0
       4
       7
       0
       0
       2
       0
       3
       0
       0
       0
       1
       0
       0
       0
       5
       4
       3
       0
       0
       0
       2
       0
       0
       0
       0
       0
       0
       0
       0
       0
       7
       0
       0
       2
       3
       0
       4
       0
       0
       0
       2
       0
       4
       0
       0
       0
       1
       3
       2
       5
       0
       0
       2
       0
       0
       0
       0
       0
       4
       0
       0
       0
       0
       0
       0
       0
       0
       1
       0
       0
       1
       0
       0
       0
       0
       0
       0
       0
       2
       0
       2
       0
       0
       0
       3
       2
       0
       0
       2
       2
       1
       0
       0
       0
       3
       3
       1
       0
       6
       0
       1
       0
       0
       0
       1
       0
       2
       0
       0
       0
       0
       0
       0
       1
       0
       0
       0
       2
       4
       0
       0
       4
       1
       0
       0
       0
       0
       0
       0
       0
       0
       0
       0
       0
       0
       0
       0
       0
       0
       0
       0
       0
       0
       0
       0
       0
       0
       0
       0
       0
       0
       0
       0
       0
       0
       0
       0
       0
       0
       0
       0
       0
       0
       0
       0
       0
       0
       0
       0
       0
       0
       0
       0
       0
       0
       0
       0
       0
       0
       0
       0
       0
       0
       0
       0
       0
       0
       0
       0
       0
       0
       0
       0
       0
       0
       0
       0
       0
       0
       0
       0
       0
       0
       0
       0
       0
       0
       0
       0
       0
       0
       0
       0
       0
       0
       0
       0
       0
       0
       0
       0
       0
       0
       0
       0
       0
       0
       0
       0
       0
       0
       0
       0
       0
       0
       0
       0
       0
       0
       0
       0
       0
       0
       0
       0
       0
       0
       0
       0
       0
       0
       0
       0
       0
       0
       0
       0
       0
       0
       0
       0
       0
       0
       0
       0
       0
       0
       0
       0
       0
       0
       0
       0
       0
       0
       0
       0
       0
       0
       0
       0
       0
       0
       0
       0
       0
       0
       0
       0
       0
       0
       0
       0
       0
       0
       0
       0
       0
       0
       0
       0
       0
       0
       0
       0
       0
       0
       0
       0
       0
       0
       0
       0
       0
       0
       0
       0
       0
       0
       0
       0
       0
       0
       0
       0
       0
       0
       0
       0
       0
       0
       0
       0
       0
       0
       0
       0
       0
       0
       0
       0
       0
       0
       0
       0
       0
       0
       0
       0
       0
       0
       0
$ROI:
0
$PRESETS:
None
0
0
$ENER_FIT:
0.000000 1.000000
$MCA_CAL:
3
0.000000E+000 1.000000E+000 0.000000E+000 keV
$SHAPE_CAL:
3
1.000000E+000 0.000000E+000 0.000000E+000
