$SPEC_ID:
No sample description was entered.
$SPEC_REM:
DET# 1
DETDESC# MH364-07 Easy-MCA-2k SN 11080663
AP# Maestro Version 7.01
$DATE_MEA:
12/03/2016 14:44:40
$MEAS_TIM:
295 300
$DATA:
0 2047
       0
       0
       1
       1
       0
       0
       0
       0
       0
       0
       0
       0
       0
       0
       0
       0
       0
       1
      34
      60
     517
     611
     603
     641
     637
     695
     655
     678
     705
     822
     848
     915
     984
     984
    1153
    1181
    1303
    1404
    1510
    1586
    1760
    1870
    1915
    2005
    2132
    2270
    2351
    2443
    2438
    2578
    2593
    2567
    2597
    2673
    2644
    2647
    2660
    2708
    2682
    2731
    2653
    2620
    2693
    2583
    2650
    2563
    2597
    2602
    2580
    2636
    2522
    2528
    2523
    2437
    2433
    2446
    2418
    2333
    2326
    2332
    2396
    2250
    2266
    2274
    2170
    2073
    2138
    2126
    2106
    1952
    1917
    1987
    1920
    1923
    1831
    1820
    1850
    1733
    1758
    1679
    1717
    1646
    1648
    1634
    1620
    1585
    1584
    1512
    1558
    1492
    1471
    1491
    1466
    1535
    1388
    1444
    1398
    1360
    1337
    1309
    1298
    1318
    1300
    1251
    1280
    1218
    1230
    1270
    1176
    1202
    1202
    1084
    1188
    1143
    1209
    1181
    1164
    1172
    1146
    1162
    1185
    1116
    1122
    1170
    1086
    1085
    1088
    1066
    1001
     959
     949
     878
     892
     864
     875
     745
     762
     771
     730
     738
     702
     739
     667
     712
     687
     662
     738
     721
     694
     653
     707
     620
     658
     635
     646
     624
     616
     593
     617
     560
     575
     575
     599
     550
     567
     540
     558
     479
     501
     532
     514
     519
     519
     438
     480
     498
     509
     538
     461
     505
     532
     525
     531
     473
     491
     491
     461
     528
     449
     460
     434
     446
     469
     421
     408
     407
     399
     376
     385
     386
     361
     364
     357
     355
     326
     361
     328
     316
     338
     298
     318
     304
     291
     292
     292
     288
     287
     289
     286
     304
     257
     265
     250
     258
     263
     268
     278
     276
     282
     277
     242
     276
     260
     254
     245
     254
     258
     243
     246
     251
     224
     229
     240
     234
     238
     223
     237
     211
     237
     240
     238
     220
     239
     213
     238
     233
     194
     238
     225
     231
     235
     204
     225
     220
     238
     205
     206
     222
     212
     219
     190
     223
     193
     240
     241
     233
     203
     193
     175
     225
     237
     208
     222
     197
     198
     180
     198
     176
     208
     206
     177
     192
     201
     201
     183
     181
     177
     195
     176
     175
     209
     181
     163
     181
     189
     208
     150
     182
     207
     187
     158
     197
     220
     205
     217
     193
     174
     244
     206
     212
     226
     226
     239
     211
     207
     217
     215
     213
     213
     215
     212
     197
     195
     201
     227
     202
     198
     168
     208
     157
     150
     174
     171
     182
     152
     172
     180
     143
     161
     149
     151
     122
     137
     137
     142
     134
     120
     152
     104
     134
     132
     147
     134
     106
     121
     111
     117
     118
     132
     115
     122
     113
     120
     104
     103
     107
     110
     114
     110
     108
     103
      99
     132
     105
     124
     108
      99
      95
     118
     102
     114
      96
      99
     106
      92
     124
     108
      93
      88
      95
     101
     106
      95
     104
     102
      99
      98
     107
      91
     101
      95
     100
     100
      93
      96
      93
      87
      90
      77
      91
      87
     112
     104
      76
     120
      89
      78
      99
      97
      87
      92
      91
      89
      74
      98
     100
      87
      96
      99
      87
      90
      90
      89
      88
      78
      83
      81
      83
      96
      86
      98
      73
      83
      85
      66
      71
      83
      77
      83
      70
     101
      88
      81
      64
      81
      83
      69
      64
      65
      65
      77
      66
      91
      79
      88
      95
      84
      87
      74
      87
     103
      75
      92
      83
      75
      77
      84
      92
      88
      81
      81
      86
      73
      85
      87
      80
      91
      97
     102
      97
      97
      90
     118
      89
      97
      84
     105
      89
      95
     100
      98
      88
      88
      85
      83
      85
      81
      92
      95
      87
      83
      74
      80
      87
      81
      97
      91
      79
      69
      93
      98
      81
     100
      70
      96
      94
      90
      79
      89
      67
      70
      82
      82
      63
     100
      60
      64
      75
      74
      71
      59
      68
      66
      74
      69
      55
      66
      62
      57
      68
      63
      50
      54
      37
      59
      50
      50
      49
      60
      50
      53
      49
      62
      44
      49
      33
      39
      39
      49
      49
      49
      38
      46
      48
      45
      47
      62
      54
      48
      59
      45
      50
      47
      45
      56
      53
      47
      56
      40
      50
      55
      47
      60
      58
      53
      58
      50
      45
      59
      42
      52
      43
      41
      59
      54
      62
      59
      57
      53
      50
      45
      45
      50
      50
      50
      51
      62
      61
      56
      50
      39
      48
      51
      57
      54
      47
      44
      55
      48
      52
      52
      36
      59
      41
      46
      47
      45
      35
      42
      57
      48
      56
      47
      46
      40
      46
      72
      42
      47
      40
      22
      49
      29
      43
      38
      51
      37
      40
      38
      46
      37
      36
      40
      39
      28
      46
      39
      37
      49
      39
      37
      42
      28
      30
      34
      38
      35
      33
      38
      33
      13
      39
      39
      37
      35
      33
      36
      22
      35
      32
      35
      42
      31
      21
      35
      27
      30
      28
      21
      22
      26
      23
      36
      30
      27
      24
      26
      17
      29
      20
      26
      25
      29
      28
      29
      28
      27
      26
      29
      25
      19
      21
      28
      28
      21
      19
      15
      26
      26
      15
      21
      25
      34
      32
      17
      29
      36
      36
      29
      27
      33
      24
      31
      23
      26
      32
      34
      28
      33
      21
      31
      30
      27
      25
      33
      33
      42
      40
      20
      26
      30
      29
      31
      34
      31
      39
      38
      27
      38
      51
      43
      46
      46
      54
      42
      54
      48
      50
      56
      55
      51
      55
      50
      58
      62
      54
      49
      61
      64
      64
      56
      69
      82
      69
      83
      79
      81
      93
      66
      82
      62
      82
      92
      79
      76
      80
     105
      81
      93
      76
      81
      82
      69
      63
      75
      79
      70
      86
      58
      65
      77
      70
      67
      67
      50
      58
      60
      66
      39
      45
      38
      53
      44
      30
      38
      30
      30
      28
      27
      32
      25
      30
      30
      32
      21
      18
      17
      32
      25
      20
      18
       9
      10
      18
      20
      21
      21
      14
      20
      12
      15
      17
      19
      12
      18
      21
      14
      13
      15
      15
      17
      18
      17
      17
      20
      13
      15
      20
      17
      19
      13
      21
      15
      14
      17
      23
      20
      12
      17
      19
      14
      12
      17
      17
      15
      17
      15
      15
      25
      24
       9
      15
      12
      12
      12
      11
      16
      14
      11
       9
      14
      15
      13
      18
      16
      11
      14
       8
      14
      11
      13
      14
      11
       9
      20
      14
      14
      12
      13
      20
       6
      11
      10
      10
      17
       7
       9
       8
      14
      16
      11
       9
      12
      11
       4
      15
      10
       5
      17
      16
      13
      17
      16
      17
      13
      15
      15
      11
      14
      13
      13
      15
      11
      14
      18
      10
      12
      11
      14
      15
      21
      17
      16
      14
      16
      14
      17
      19
      13
      12
      14
       9
      15
      16
      12
      15
      11
      11
      19
      23
      10
       9
      15
      11
      10
      16
      10
      11
      13
      10
      10
      15
      13
      11
       7
      11
      14
      18
      12
      15
      11
      12
      15
       8
      11
       9
       6
       9
       9
       7
       9
       6
      16
       8
       9
      13
      10
       7
      10
      12
      10
       5
       8
       7
       8
       8
       3
       9
       8
      11
      14
       4
       8
      10
       8
       8
       7
      10
      11
       5
       5
       9
       9
      10
       7
       4
      10
       7
      11
       7
       5
       9
       3
       7
       8
       8
       7
      10
       8
       9
      10
      11
       7
       5
       5
       7
       6
       7
       4
       6
       9
       5
      10
      13
       8
       6
       5
       9
       7
       7
       7
       8
       7
       7
       6
       9
       9
       6
       6
       5
       6
       9
       5
       6
       4
      13
      13
       8
       6
       6
       3
       3
       7
      10
       8
       5
      11
      10
       4
       9
       7
       6
       9
       8
       7
       9
       6
       8
       8
       8
       5
       5
       6
       4
       7
       8
       8
      10
       5
       9
       4
       7
       7
       4
      10
       6
       7
      11
       5
       4
       7
       5
       7
      11
      11
      10
      12
       4
      14
       9
       7
       9
       8
       9
      10
       7
      14
      13
      11
       7
      11
       7
      14
      13
      10
      12
       5
       7
      10
      18
      15
       3
       8
      14
      11
      12
      10
      14
      15
       6
      15
      12
       7
      18
       7
      10
      11
       7
       6
      10
      11
       6
      16
      10
      11
      10
       8
       8
       8
      11
      13
       7
       7
      10
      12
      10
       6
      13
      10
      15
      12
      10
      10
      12
       5
      11
       9
      14
       7
      12
       9
       8
      12
      10
      15
       9
       5
      12
      12
       7
       8
       8
      12
       5
      13
      12
      10
       8
      10
       4
      11
       9
       6
      10
       8
      10
      15
       5
       6
       7
       4
       8
       9
      11
       3
      10
       9
       9
       6
       7
       6
       6
       8
       7
      12
       5
       9
       8
       6
       4
      10
       6
       7
       4
       4
       5
       8
      10
       4
       8
       6
       6
       6
       2
       4
       6
       7
       5
       3
       8
       4
       2
       7
       7
       9
       6
       7
       3
       1
       5
       8
       7
       7
       8
       3
       5
       4
       3
       6
       8
       3
       7
       2
       3
       4
       5
       5
       4
       2
       4
       4
       3
       3
       5
       5
       3
       2
       7
       3
       4
       5
       5
       3
       5
       5
       2
       1
       3
       4
       4
       2
       1
       4
       3
       4
       3
       1
       3
       2
       5
       5
       5
       0
       1
       4
       4
       4
       4
       3
       3
       5
       6
       4
       6
       2
       4
       5
       6
       8
       1
       6
       3
       6
       9
       4
       9
       6
       9
       5
       9
       3
       8
       7
      10
       8
       5
       7
      12
       7
       6
      11
      15
       4
       8
      10
      15
      11
      11
      11
      11
       9
       9
       9
       9
       8
      12
      18
      12
      10
      14
       8
      15
       8
      21
      14
       7
      17
       8
      20
       8
      18
      19
      10
      21
      13
      17
       8
      16
      13
      19
      21
      12
      16
      13
      15
      21
      21
      11
      12
      11
      12
      18
      18
      12
      13
      16
      14
      17
      18
      16
      14
      16
      14
       9
       9
      11
      18
      14
       6
       5
       9
       9
       7
       2
       8
       7
       7
       4
       6
      11
       4
       4
       3
       6
       4
       6
       3
       5
       2
       5
       3
       5
       4
       3
       3
       2
       2
       1
       1
       1
       0
       1
       2
       0
       1
       2
       1
       1
       0
       0
       0
       1
       1
       2
       1
       1
       0
       1
       1
       0
       1
       0
       0
       1
       0
       0
       0
       0
       0
       0
       0
       0
       1
       2
       0
       1
       0
       0
       0
       0
       0
       0
       1
       2
       0
       0
       0
       0
       0
       0
       1
       0
       0
       1
       0
       2
       0
       0
       0
       0
       0
       0
       0
       0
       0
       0
       0
       0
       0
       1
       0
       0
       0
       1
       0
       1
       0
       0
       0
       0
       0
       0
       0
       0
       0
       1
       0
       0
       0
       2
       0
       0
       1
       0
       0
       0
       0
       0
       0
       0
       1
       1
       0
       0
       0
       0
       1
       1
       0
       0
       1
       0
       0
       0
       0
       0
       0
       0
       0
       0
       0
       0
       1
       0
       0
       1
       0
       0
       0
       0
       0
       1
       2
       0
       0
       0
       0
       0
       0
       0
       0
       0
       0
       1
       0
       1
       0
       0
       0
       0
       0
       0
       0
       0
       0
       0
       0
       1
       1
       0
       1
       1
       0
       0
       0
       0
       1
       0
       0
       0
       0
       0
       0
       0
       0
       0
       1
       0
       1
       1
       0
       0
       0
       0
       0
       0
       0
       0
       1
       0
       0
       0
       0
       0
       0
       0
       0
       0
       0
       1
       0
       0
       0
       0
       0
       0
       0
       0
       0
       0
       0
       0
       0
       0
       0
       0
       1
       0
       0
       0
       0
       2
       0
       0
       0
       0
       0
       0
       0
       0
       0
       0
       0
       0
       0
       0
       0
       0
       0
       0
       0
       1
       0
       0
       0
       0
       0
       0
       0
       1
       0
       0
       0
       0
       1
       0
       0
       0
       0
       0
       0
       0
       0
       0
       1
       0
       0
       0
       0
       1
       2
       0
       0
       0
       0
       1
       0
       1
       1
       0
       0
       1
       1
       0
       1
       0
       0
       0
       1
       1
       0
       0
       0
       0
       0
       0
       0
       0
       0
       0
       0
       1
       0
       0
       0
       1
       0
       0
       0
       0
       0
       0
       0
       0
       1
       0
       2
       0
       0
       0
       0
       0
       0
       0
       0
       0
       0
       1
       0
       1
       1
       0
       0
       0
       0
       0
       1
       0
       2
       0
       0
       0
       1
       0
       0
       0
       0
       1
       0
       0
       0
       0
       0
       0
       0
       0
       0
       0
       0
       1
       0
       0
       0
       1
       0
       0
       0
       0
       0
       0
       1
       0
       0
       3
       1
       1
       0
       0
       0
       0
       0
       0
       0
       0
       0
       0
       0
       0
       0
       0
       0
       1
       0
       0
       0
       0
       0
       0
       0
       1
       0
       0
       1
       0
       0
       0
       0
       0
       0
       0
       1
       0
       0
       0
       0
       0
       0
       1
       0
       1
       0
       0
       0
       0
       0
       0
       0
       0
       1
       1
       0
       0
       0
       0
       0
       0
       0
       0
       1
       1
       1
       0
       0
       0
       0
       0
       0
       0
       0
       0
       0
       0
       0
       0
       1
       0
       0
       0
       0
       0
       0
       0
       1
       0
       0
       0
       0
       0
       0
       0
       0
       0
       0
       0
       0
       0
       1
       0
       0
       0
       0
       0
       0
       0
       0
       0
       0
       0
       0
       0
       0
       0
       0
       0
       0
       0
       0
       0
       0
       0
       0
       0
       0
       0
       0
       0
       0
       0
       0
       0
       0
       0
       0
       0
       0
       0
       0
       0
$ROI:
1
787 873
$PRESETS:
Real Time
300
0
$ENER_FIT:
0.000000 0.000000
$MCA_CAL:
3
0.000000E+000 0.000000E+000 0.000000E+000 
$SHAPE_CAL:
3
0.000000E+000 0.000000E+000 0.000000E+000
