$SPEC_ID:
No sample description was entered.
$SPEC_REM:
DET# 4
DETDESC# GY222-07 Easy-MCA-2k SN 12292282
AP# Maestro Version 7.01
$DATE_MEA:
03/16/2017 09:47:49
$MEAS_TIM:
600 607
$DATA:
0 2047
       0
       0
       0
       0
       0
       0
       0
       0
       0
       0
       0
       0
       0
       0
       0
       0
       0
       0
       0
       0
       0
       0
       0
       0
       0
       0
       0
       0
       0
       0
       0
       0
       0
       0
       0
       0
       0
       0
       0
       0
       0
       0
       0
       0
       0
       0
       0
       0
       0
       0
       0
       0
       0
       0
       0
       0
       0
       0
       0
       2
       2
       2
       4
       3
       2
       2
       2
       4
       2
       3
       3
       3
       5
       1
       5
       1
       2
       1
       3
       3
       1
       4
       1
       1
       5
       4
       1
       5
       1
       0
       0
       4
       3
       4
       2
       1
       0
       1
       4
       3
       5
       3
       4
       2
       8
       2
       3
       4
       1
       1
       1
       0
       1
       2
       6
       2
       3
       2
       1
       1
       3
       3
       0
       1
       1
       3
       2
       1
       3
       2
       0
       3
       4
       2
       3
       3
       3
       2
       3
       4
       1
       0
       1
       1
       3
       4
       3
       2
       3
       3
       8
       2
       2
       1
       1
       1
       1
       0
       0
       1
       3
       5
       6
       4
       1
       4
       6
       0
       3
       2
       5
       0
       6
       0
       6
       5
       1
       3
       5
       5
       5
       3
       7
       2
       2
       3
       1
       2
       3
       0
       5
       0
       4
       5
       3
       0
       4
       1
       5
       1
       0
       0
       2
       2
       1
       1
       1
       4
       3
       2
       3
       2
       2
       4
       4
       3
       1
       3
       3
       4
       2
       6
       7
       3
       3
       1
       5
       0
       2
       2
       1
       4
       0
       4
       2
       2
       3
       3
       2
       1
       2
       5
       1
       3
       2
       3
       1
       6
       5
       4
       3
       2
       3
       2
       1
       2
       2
       2
       6
       6
       1
       5
       2
       4
       4
       2
       4
       3
       2
       2
       5
       1
       2
       4
       4
       1
       1
       2
       0
       1
       2
       2
       2
       1
       4
       3
       1
       2
       1
       2
       1
       1
       3
       1
       4
       1
       0
       2
       2
       1
       5
       3
       4
       2
       4
       1
       1
       0
       1
       0
       2
       4
       0
       2
       1
       1
       2
       3
       0
       0
       1
       1
       1
       2
       5
       4
       1
       2
       2
       2
       0
       0
       2
       1
       3
       0
       3
       2
       0
       2
       0
       1
       3
       2
       3
       3
       3
       1
       1
       2
       3
       4
       3
       1
       3
       2
       1
       1
       2
       0
       1
       0
       3
       0
       5
       0
       2
       1
       0
       4
       2
       3
       2
       3
       1
       3
       1
       2
       0
       1
       1
       2
       2
       5
       2
       1
       3
       3
       1
       1
       2
       2
       4
       0
       3
       1
       5
       4
       3
       1
       2
       1
       2
       1
       2
       2
       1
       1
       3
       1
       1
       1
       2
       2
       2
       1
       4
       3
       1
       2
       2
       1
       2
       0
       3
       4
       8
       2
       2
       4
       4
       1
       1
       4
       3
       1
       3
       4
       1
       2
       1
       2
       2
       3
       3
       1
       0
       1
       0
       5
       5
       2
       0
       0
       1
       1
       6
       3
       3
       2
       3
       0
       2
       2
       4
       3
       3
       5
       2
       1
       1
       2
       0
       0
       3
       2
       1
       0
       1
       5
       1
       1
       4
       3
       2
       4
       2
       0
       1
       3
       2
       1
       2
       3
       2
       2
       2
       1
       0
       3
       2
       4
       3
       2
       1
       3
       1
       1
       1
       1
       2
       3
       2
       2
       1
       1
       3
       2
       1
       0
       1
       2
       4
       4
       3
       2
       1
       2
       1
       4
       1
       1
       5
       1
       3
       3
       2
       3
       2
       2
       1
       4
       2
       3
       1
       3
       1
       3
       1
       2
       2
       1
       1
       3
       3
       2
       2
       2
       1
       4
       3
       4
       3
       4
       3
       1
       0
       0
       2
       3
       2
       3
       3
       4
       4
       3
       1
       4
       2
       3
       3
       1
       0
       3
       1
       1
       0
       5
       2
       4
       5
       5
       2
       4
       1
       3
       0
       1
       2
       3
       2
       3
       3
       0
       2
       1
       3
       2
       1
       3
       0
       0
       1
       4
       3
       2
       3
       0
       3
       1
       3
       2
       0
       3
       4
       2
       3
       1
       2
       4
       3
       4
       3
       0
       1
       5
       0
       3
       3
       4
       3
       1
       3
       4
       1
       1
       1
       6
       4
       1
       5
       4
       2
       2
       6
       0
       1
       2
       1
       1
       4
       4
       6
       2
       3
       1
       1
       3
       0
       2
       4
       4
       0
       3
       1
       2
       1
       3
       3
       4
       4
       4
       5
       2
       3
       0
       3
       0
       3
       2
       5
       2
       2
       3
       2
       1
       4
       1
       1
       3
       2
       5
       3
       4
       6
       3
       3
       2
       6
       3
       2
       4
       4
       3
       1
       1
       3
       1
       2
       1
       2
       4
       1
       3
       1
       3
       2
       2
       2
       4
       2
       3
       1
       4
       4
       3
       0
       3
       2
       3
       4
       3
       2
       0
       1
       5
       5
       1
       0
       2
       1
       2
       0
       2
       5
       1
       1
       4
       1
       2
       0
       1
       1
       2
       1
       2
       0
       0
       1
       1
       2
       0
       1
       2
       2
       1
       1
       1
       2
       0
       1
       1
       2
       0
       1
       2
       0
       1
       2
       0
       0
       2
       0
       1
       2
       2
       3
       1
       0
       3
       2
       2
       0
       0
       0
       3
       0
       0
       0
       1
       1
       0
       0
       1
       0
       3
       0
       0
       2
       1
       1
       0
       1
       1
       0
       1
       0
       1
       1
       0
       1
       1
       0
       0
       0
       0
       1
       1
       1
       0
       0
       0
       0
       1
       1
       1
       1
       1
       1
       1
       1
       0
       0
       2
       1
       0
       0
       2
       0
       0
       0
       2
       0
       0
       0
       1
       0
       0
       0
       0
       0
       2
       0
       0
       0
       0
       2
       2
       1
       3
       0
       0
       3
       0
       0
       1
       1
       2
       2
       0
       0
       4
       5
       1
       6
       1
       3
       1
       7
       4
       1
       5
       4
       8
       7
       5
      10
      11
       5
       8
       3
       9
       2
       8
       3
       7
      19
       7
       6
       8
      10
       7
       6
       7
       8
      12
       5
      14
      11
       7
      12
      18
       8
       8
      14
       8
       9
      13
      11
      11
       7
      10
       8
      12
       8
       5
       6
       6
       5
       3
       7
       4
      10
       7
       6
       6
       3
       4
       5
       2
       5
       2
       1
       5
       3
       0
       1
       1
       2
       1
       1
       1
       2
       0
       0
       1
       0
       0
       0
       0
       1
       0
       0
       0
       1
       0
       0
       1
       1
       0
       0
       0
       0
       0
       0
       2
       1
       0
       0
       0
       0
       0
       2
       0
       0
       0
       0
       2
       0
       0
       1
       0
       0
       0
       0
       0
       0
       1
       1
       0
       0
       1
       0
       1
       0
       0
       0
       1
       1
       0
       2
       1
       0
       2
       3
       2
       2
       0
       0
       0
       0
       1
       2
       0
       1
       1
       1
       1
       1
       1
       1
       1
       2
       2
       1
       2
       0
       0
       0
       1
       0
       0
       0
       0
       0
       2
       2
       2
       1
       0
       1
       2
       0
       0
       2
       0
       1
       0
       2
       0
       0
       0
       0
       0
       0
       0
       0
       0
       0
       0
       0
       0
       0
       1
       0
       0
       0
       1
       0
       0
       1
       0
       0
       0
       0
       1
       0
       0
       0
       0
       0
       0
       0
       0
       0
       0
       0
       0
       0
       0
       0
       0
       0
       0
       0
       0
       0
       0
       0
       0
       0
       0
       0
       0
       0
       1
       0
       0
       0
       0
       0
       0
       1
       0
       0
       0
       0
       0
       0
       0
       0
       0
       0
       0
       0
       0
       0
       0
       0
       0
       0
       0
       0
       0
       0
       0
       0
       0
       0
       0
       0
       0
       0
       0
       0
       0
       0
       0
       0
       0
       1
       0
       0
       0
       0
       0
       0
       0
       0
       0
       0
       1
       0
       0
       0
       0
       0
       0
       0
       0
       0
       0
       0
       0
       0
       0
       0
       0
       0
       0
       0
       0
       0
       0
       0
       0
       0
       0
       0
       1
       0
       0
       0
       0
       0
       0
       0
       0
       0
       0
       0
       0
       0
       0
       0
       0
       0
       0
       0
       0
       0
       0
       0
       0
       0
       0
       0
       0
       0
       0
       0
       0
       0
       0
       0
       0
       0
       0
       0
       0
       0
       0
       0
       0
       0
       0
       0
       0
       0
       0
       0
       0
       0
       0
       0
       0
       0
       0
       0
       0
       0
       0
       0
       0
       0
       0
       0
       1
       0
       0
       0
       0
       0
       0
       0
       0
       0
       0
       0
       0
       0
       0
       0
       0
       0
       0
       0
       0
       0
       0
       0
       0
       0
       0
       0
       0
       0
       0
       0
       0
       0
       0
       0
       0
       0
       0
       0
       0
       0
       0
       0
       0
       0
       0
       0
       0
       0
       0
       0
       0
       0
       0
       0
       0
       0
       0
       0
       0
       0
       0
       0
       0
       0
       0
       0
       0
       0
       0
       0
       0
       0
       0
       0
       0
       0
       0
       0
       0
       0
       0
       0
       0
       0
       0
       0
       0
       0
       0
       0
       0
       0
       0
       0
       0
       0
       0
       0
       0
       0
       0
       0
       0
       0
       0
       0
       0
       0
       0
       0
       0
       0
       0
       0
       0
       0
       0
       0
       0
       0
       0
       0
       0
       0
       0
       0
       0
       0
       0
       0
       0
       0
       0
       0
       0
       0
       0
       0
       0
       0
       0
       0
       0
       0
       0
       0
       0
       0
       0
       0
       0
       0
       0
       0
       0
       0
       0
       0
       0
       0
       0
       0
       0
       0
       0
       0
       0
       0
       0
       0
       0
       0
       0
       0
       0
       0
       0
       0
       0
       0
       0
       0
       0
       0
       0
       0
       0
       0
       0
       0
       0
       0
       0
       0
       0
       0
       0
       0
       0
       0
       0
       0
       0
       0
       0
       0
       0
       0
       0
       0
       0
       0
       0
       0
       0
       0
       0
       0
       0
       0
       0
       0
       0
       0
       0
       0
       0
       0
       0
       0
       0
       0
       0
       0
       0
       0
       0
       0
       0
       0
       0
       0
       0
       0
       0
       0
       0
       0
       0
       0
       0
       0
       0
       0
       0
       0
       0
       0
       0
       0
       0
       0
       0
       0
       0
       0
       0
       0
       0
       0
       0
       0
       0
       0
       0
       0
       0
       0
       0
       0
       0
       0
       0
       0
       0
       0
       0
       0
       0
       0
       0
       0
       0
       0
       0
       0
       0
       0
       0
       0
       0
       0
       0
       0
       0
       0
       0
       0
       0
       0
       0
       0
       0
       0
       0
       0
       0
       0
       0
       0
       0
       0
       0
       0
       0
       0
       0
       0
       0
       0
       0
       0
       0
       0
       0
       0
       0
       0
       0
       0
       0
       0
       0
       0
       0
       0
       0
       0
       0
       0
       0
       0
       0
       0
       0
       0
       0
       0
       0
       0
       0
       0
       0
       0
       0
       0
       0
       0
       0
       0
       0
       0
       0
       0
       0
       0
       0
       0
       0
       0
       0
       1
       0
       0
       0
       0
       0
       0
       0
       0
       0
       0
       0
       0
       0
       0
       0
       0
       0
       0
       0
       0
       0
       0
       0
       0
       0
       0
       0
       0
       0
       0
       0
       0
       0
       0
       0
       0
       0
       0
       0
       0
       0
       0
       0
       0
       0
       0
       0
       0
       0
       0
       0
       0
       0
       0
       0
       0
       0
       0
       0
       0
       0
       0
       0
       0
       0
       0
       0
       0
       0
       0
       0
       0
       0
       0
       0
       0
       0
       0
       0
       0
       0
       0
       0
       0
       0
       0
       0
       0
       0
       0
       0
       0
       0
       0
       0
       0
       0
       0
       0
       0
       0
       0
       0
       0
       0
       0
       0
       0
       0
       0
       0
       0
       0
       0
       0
       0
       0
       0
       0
       0
       0
       0
       1
       0
       0
       0
       0
       0
       0
       0
       0
       0
       0
       0
       0
       0
       0
       0
       0
       0
       0
       0
       0
       0
       0
       0
       0
       0
       0
       0
       0
       0
       0
       0
       0
       0
       0
       0
       0
       0
       0
       0
       0
       0
       1
       0
       0
       0
       0
       0
       0
       0
       0
       0
       0
       0
       0
       0
       0
       0
       0
       0
       0
       0
       0
       0
       0
       0
       0
       0
       0
       0
       0
       0
       0
       0
       0
       0
       0
       0
       0
       0
       0
       0
       0
       0
       0
       0
       0
       0
       0
       0
       0
       0
       0
       0
       0
       0
       0
       0
       0
       0
       0
       0
       0
       0
       0
       0
       0
       0
       0
       0
       0
       0
       0
       0
       0
       0
       0
       0
       0
       0
       0
       0
       0
       0
       0
       0
       0
       0
       0
       0
       0
       0
       0
       0
       0
       0
       0
       0
       0
       0
       0
       0
       0
       0
       0
       0
       0
       1
       0
       0
       0
       0
       0
       0
       0
       0
       0
       0
       0
       0
       0
       0
       0
       0
       0
       0
       0
       0
       0
       0
       0
       0
       0
       0
       0
       0
       0
       0
       0
       0
       0
       0
       1
       0
       0
       0
       0
       0
       0
       0
       0
       0
       0
       0
       0
       0
       0
       0
       0
       0
       0
       0
       0
       0
       0
       0
       0
       0
       0
       0
       0
       0
       0
       0
       0
       0
       0
       0
       0
       0
       0
       0
       0
       0
       0
       0
       0
       0
       0
       0
       0
       0
       0
       0
       0
       0
       0
       0
       0
       0
       0
       0
       0
       0
       0
       0
       0
       0
       0
       0
       0
       0
       0
       0
       0
$ROI:
1
876 975
1007 1100
$PRESETS:
Live Time
600
0
$ENER_FIT:
0.004469 0.011082
$MCA_CAL:
3
4.469484E-003 1.108163E-002 0.000000E+000 keV
$SHAPE_CAL:
3
0.000000E+000 0.000000E+000 0.000000E+000
