$SPEC_ID:
No sample description was entered.
$SPEC_REM:
DET# 4
DETDESC# GY222-09 Easy-MCA-2k SN 11073020
AP# Maestro Version 7.01
$DATE_MEA:
03/02/2017 08:41:15
$MEAS_TIM:
29 30
$DATA:
0 2047
       0
       0
       0
       0
       0
       0
       0
       1
       0
       0
       0
       0
       0
       0
       1
       0
       0
       1
      37
     318
     248
     172
     132
      89
     104
     130
     126
     118
     129
     151
     156
     158
     174
     181
     179
     188
     211
     224
     185
     224
     225
     212
     233
     230
     211
     226
     242
     223
     230
     215
     237
     237
     248
     245
     227
     217
     223
     252
     257
     218
     221
     228
     228
     230
     199
     204
     200
     227
     206
     185
     173
     200
     194
     205
     206
     190
     191
     200
     193
     194
     172
     180
     198
     205
     224
     174
     181
     185
     189
     206
     239
     207
     208
     204
     183
     204
     185
     200
     187
     177
     167
     154
     182
     167
     185
     186
     185
     159
     168
     167
     180
     181
     170
     153
     148
     165
     124
     145
     156
     111
     110
     110
     134
     147
     109
     141
     121
     109
     131
     109
     114
     110
     106
     125
     126
     110
     106
     116
     107
     103
      81
      92
     108
     122
      89
     100
     100
     110
     113
      87
      95
      95
     104
     105
      93
      89
     105
      84
     103
      84
     120
     100
      97
      94
      83
      94
     112
      79
      93
      93
      95
     108
      81
     112
      84
      87
     100
      81
      84
      75
      82
     100
      77
      97
      82
      76
      85
     109
      79
     109
      89
      87
      70
      76
     102
      78
      91
      79
      97
      84
      94
      96
      91
      84
      81
      82
      89
      78
      60
      80
      80
      77
      76
      72
      64
      74
      61
      45
      57
      54
      50
      46
      53
      45
      47
      48
      44
      45
      36
      35
      37
      31
      38
      44
      49
      30
      39
      46
      32
      36
      29
      30
      31
      36
      36
      29
      26
      29
      31
      27
      35
      36
      34
      33
      29
      31
      38
      21
      27
      40
      25
      35
      37
      21
      45
      24
      33
      39
      35
      40
      37
      36
      42
      40
      46
      42
      48
      64
      71
      54
      75
      97
     102
     127
     129
     119
     139
     148
     153
     176
     184
     217
     213
     251
     287
     277
     314
     293
     296
     310
     342
     334
     356
     318
     290
     292
     330
     273
     270
     237
     245
     236
     196
     194
     168
     146
     121
     125
     108
      94
      81
      68
      56
      44
      46
      50
      38
      29
      34
      24
      29
      22
      21
      15
      21
      11
      16
      24
      24
      16
      16
      19
      13
      17
      15
      18
      15
      15
      15
      16
      13
      18
      19
      21
      16
      15
      23
      17
      16
      19
      21
      21
      24
      18
      14
      18
      16
      19
      14
      21
      19
      17
      14
      19
      14
      15
      16
      18
      27
      13
      17
      14
      16
      16
      17
      11
      16
      15
      11
      24
      17
      11
      17
      20
      18
      21
      17
      21
      19
      18
      28
      14
      17
      16
      16
      21
      20
      10
      14
      14
      21
      22
      15
      15
      17
      20
      19
      18
      20
       9
      14
      14
      22
      15
      15
      12
      11
      15
      16
      13
      24
       7
      12
      15
      17
      19
      14
      10
      11
      15
       9
      13
      16
      10
      11
      15
       9
      11
       7
      13
      14
       6
      12
      14
      12
      10
      14
       9
      12
      16
      10
      13
       5
      14
      11
       8
      12
       9
      12
      15
       8
      12
      11
      13
      12
       6
       7
       9
      11
      10
      15
      14
      10
      12
       9
       9
      15
      11
       9
       5
      10
      11
      15
      11
      14
      12
      11
      19
       8
      13
      13
      14
      14
      20
      13
      18
      16
      21
      24
      21
      18
      28
      25
      28
      34
      27
      23
      30
      29
      29
      30
      24
      27
      29
      29
      28
      33
      37
      25
      25
      24
      29
      24
      21
      19
      10
      15
      11
      20
      22
      21
      18
      18
      11
      12
       7
      11
      10
      10
       0
       5
       9
       6
       2
       6
       2
      11
       6
       6
       7
       4
       5
      12
       7
      11
       8
       6
      15
      12
      10
      13
      12
      13
      10
      11
      15
      12
      16
      15
      23
      25
      28
      21
      26
      22
      23
      22
      15
      30
      28
      24
      22
      23
      22
      21
      23
      22
      25
      22
      20
      24
      14
      18
      18
      22
      15
      14
      23
       9
       9
      13
       8
      13
      15
      10
       6
       7
       9
       5
       6
       5
       8
       4
       4
       7
       2
       4
       5
       4
       2
       4
       9
       1
       4
       3
       1
       2
       5
       3
       1
       7
       2
       1
       1
       2
       3
       1
       0
       3
       3
       4
       1
       1
       2
       4
       1
       2
       2
       1
       2
       1
       1
       1
       3
       1
       0
       3
       2
       1
       1
       1
       0
       3
       1
       3
       2
       2
       2
       1
       1
       0
       2
       0
       2
       0
       0
       2
       0
       0
       0
       1
       0
       0
       1
       0
       1
       0
       1
       2
       0
       0
       0
       1
       1
       0
       1
       1
       0
       0
       1
       2
       0
       0
       0
       1
       2
       1
       1
       2
       0
       2
       0
       2
       0
       1
       0
       2
       0
       0
       1
       1
       0
       0
       0
       3
       0
       0
       2
       1
       0
       0
       1
       0
       1
       0
       1
       0
       0
       2
       0
       2
       0
       0
       0
       1
       1
       0
       0
       1
       0
       1
       1
       1
       1
       1
       0
       0
       1
       0
       0
       0
       0
       0
       0
       1
       2
       0
       0
       0
       0
       1
       2
       2
       1
       0
       0
       0
       1
       0
       3
       1
       0
       0
       0
       0
       0
       2
       0
       0
       1
       0
       1
       1
       1
       0
       0
       1
       0
       0
       0
       0
       0
       0
       0
       0
       0
       1
       0
       0
       0
       0
       0
       0
       1
       0
       0
       0
       0
       0
       0
       0
       0
       1
       1
       0
       0
       0
       2
       0
       1
       0
       0
       0
       0
       1
       0
       0
       0
       2
       0
       1
       1
       0
       0
       0
       1
       0
       1
       1
       0
       0
       0
       1
       0
       0
       0
       0
       0
       0
       0
       1
       0
       1
       0
       1
       0
       1
       0
       0
       0
       0
       0
       1
       0
       0
       0
       0
       0
       0
       0
       0
       0
       0
       0
       2
       0
       0
       1
       0
       0
       0
       0
       0
       0
       0
       0
       0
       0
       0
       0
       1
       0
       1
       1
       1
       1
       0
       0
       1
       0
       0
       1
       0
       0
       0
       2
       0
       0
       0
       0
       0
       0
       0
       0
       1
       0
       0
       1
       1
       0
       1
       0
       1
       0
       1
       0
       1
       2
       0
       1
       1
       0
       0
       0
       0
       0
       1
       0
       1
       0
       0
       0
       1
       0
       2
       1
       1
       0
       1
       1
       0
       0
       0
       0
       0
       0
       0
       2
       1
       0
       0
       1
       0
       1
       0
       1
       0
       1
       0
       1
       0
       0
       0
       0
       1
       0
       0
       0
       0
       0
       1
       1
       0
       0
       0
       0
       1
       0
       1
       1
       0
       0
       0
       3
       0
       0
       0
       0
       0
       1
       0
       0
       0
       0
       0
       1
       1
       0
       1
       1
       0
       1
       0
       1
       0
       1
       0
       0
       0
       0
       0
       0
       0
       1
       0
       0
       0
       0
       0
       0
       0
       0
       0
       1
       0
       0
       0
       0
       0
       0
       0
       0
       0
       0
       1
       1
       0
       0
       0
       0
       0
       0
       0
       0
       0
       0
       1
       0
       2
       0
       0
       0
       0
       0
       0
       0
       0
       0
       0
       0
       0
       0
       0
       0
       0
       0
       0
       2
       0
       0
       0
       0
       0
       0
       1
       0
       0
       0
       0
       0
       1
       0
       0
       1
       0
       1
       0
       0
       1
       0
       0
       0
       0
       0
       0
       0
       0
       0
       1
       0
       0
       0
       1
       0
       0
       0
       0
       0
       0
       1
       0
       1
       0
       1
       0
       0
       0
       1
       1
       2
       1
       0
       0
       0
       1
       0
       1
       0
       0
       0
       0
       1
       0
       0
       0
       0
       2
       0
       0
       0
       0
       0
       0
       0
       0
       0
       1
       0
       1
       0
       0
       0
       0
       1
       0
       0
       0
       1
       0
       0
       0
       0
       0
       0
       0
       0
       0
       0
       0
       0
       0
       0
       0
       0
       0
       0
       0
       0
       0
       0
       0
       0
       0
       0
       0
       0
       1
       0
       0
       0
       0
       0
       0
       0
       0
       0
       0
       0
       0
       0
       0
       0
       0
       0
       0
       0
       0
       0
       0
       0
       0
       1
       0
       0
       0
       0
       0
       0
       0
       0
       0
       0
       0
       0
       0
       0
       0
       0
       0
       0
       0
       0
       0
       0
       0
       1
       0
       0
       0
       0
       0
       0
       0
       0
       0
       0
       0
       0
       0
       0
       0
       0
       0
       0
       0
       0
       0
       0
       0
       0
       0
       0
       0
       0
       0
       0
       0
       0
       0
       0
       0
       0
       0
       0
       0
       0
       0
       0
       0
       0
       0
       0
       1
       0
       0
       0
       0
       0
       0
       0
       0
       0
       1
       0
       0
       0
       0
       0
       0
       0
       0
       0
       0
       0
       0
       0
       0
       0
       0
       0
       0
       0
       0
       0
       0
       0
       0
       0
       0
       0
       0
       0
       0
       0
       0
       0
       0
       0
       0
       0
       0
       0
       0
       0
       0
       0
       0
       0
       0
       0
       0
       0
       0
       0
       0
       0
       0
       0
       0
       0
       0
       0
       0
       0
       0
       0
       0
       0
       0
       0
       0
       0
       0
       0
       0
       0
       0
       0
       0
       0
       0
       0
       0
       0
       0
       0
       0
       0
       0
       0
       0
       0
       0
       0
       0
       0
       0
       0
       0
       0
       0
       0
       0
       0
       0
       0
       0
       0
       0
       0
       0
       0
       0
       0
       0
       0
       0
       0
       0
       0
       0
       0
       0
       0
       0
       0
       0
       0
       0
       0
       0
       0
       0
       0
       0
       0
       0
       0
       0
       0
       0
       0
       0
       0
       0
       0
       0
       0
       0
       0
       0
       0
       0
       0
       0
       0
       0
       0
       0
       0
       0
       0
       0
       0
       0
       0
       0
       0
       0
       0
       0
       0
       0
       0
       0
       0
       0
       0
       0
       0
       0
       0
       0
       0
       0
       0
       0
       0
       0
       0
       0
       0
       0
       0
       0
       0
       0
       0
       0
       0
       0
       0
       0
       0
       0
       0
       0
       0
       0
       0
       0
       0
       0
       0
       0
       0
       0
       0
       0
       0
       0
       0
       0
       0
       0
       0
       0
       1
       0
       0
       0
       0
       0
       0
       0
       0
       0
       0
       0
       0
       0
       0
       0
       0
       0
       0
       0
       0
       0
       0
       0
       0
       0
       0
       0
       0
       0
       0
       0
       0
       0
       0
       0
       0
       0
       0
       0
       0
       0
       0
       0
       0
       0
       0
       0
       0
       0
       0
       0
       0
       0
       0
       0
       0
       0
       0
       0
       0
       0
       0
       0
       0
       0
       0
       0
       0
       0
       0
       0
       0
       0
       0
       0
       0
       0
       0
       0
       0
       0
       0
       0
       0
       0
       0
       0
       0
       0
       0
       0
       0
       0
       0
       0
       0
       0
       0
       0
       0
       0
       0
       0
       0
       0
       0
       0
       0
       0
       0
       0
       0
       0
       0
       0
       0
       0
       0
       0
       0
       0
       0
       0
       0
       0
       0
       0
       0
       0
       0
       0
       0
       0
       0
       0
       0
       0
       0
       0
       0
       0
       0
       0
       0
       0
       0
       0
       0
       0
       0
       0
       0
       0
       0
       0
       0
       0
       0
       0
       0
       0
       0
       0
       0
       0
       0
       0
       0
       0
       0
       0
       0
       0
       0
       0
       0
       0
       0
       0
       0
       0
       0
       0
       0
       0
       0
       0
       0
       0
       0
       0
       0
       0
       0
       0
       0
       0
       0
       0
       0
       0
       0
       0
       0
       0
       0
       0
       0
       0
       0
       0
       0
       0
       0
       0
       0
       0
       0
       0
       0
       0
       0
       0
       0
       0
       0
       0
       0
       0
       0
       0
       0
       0
       0
       0
       0
       0
       0
       0
       0
       0
       0
       0
       0
       0
       0
       0
       0
       0
       0
       0
       0
       0
       0
       0
       0
       0
       0
       0
       0
       0
       0
       0
       0
       0
       0
       0
       0
       0
       0
       0
       0
       0
       0
       0
       0
       0
       0
       0
       0
       0
       0
       0
       0
       0
       0
       0
       0
       0
       0
       0
       0
       0
       0
       0
       0
       0
       0
       0
       0
       1
       0
       0
       0
       0
       0
       0
       0
       0
       0
       0
       0
       0
       0
       0
       0
       0
       0
       0
       0
       0
       0
       0
       0
       0
       0
       0
       0
       0
       0
       0
       0
       0
       0
       0
       0
       0
       0
       0
       0
       0
       0
       0
       0
       0
       0
       0
       0
       0
       0
       0
       0
       0
       0
       0
       0
       0
       0
       0
       0
       0
       0
       0
       0
       0
       0
       0
       0
       0
       0
       0
       0
       0
       0
       0
       0
       0
       0
       0
       0
       0
       0
       0
       0
       0
       0
       0
       0
       0
       0
       0
       0
       0
       0
       0
       0
       0
       0
       0
       0
       0
       0
       0
       0
       0
       0
       0
       0
       0
       0
       0
       0
       0
       0
       0
       0
       0
       0
       0
       0
       0
       0
       0
       0
       0
       0
       0
       0
       0
       0
       0
       0
       0
       0
       0
       0
       0
       0
       0
       0
       0
       0
       0
       0
       0
       0
       0
       0
       0
       0
       0
       0
       0
       0
       0
       0
       0
       0
       0
       0
       0
       0
       0
       0
       0
       0
       0
       0
       0
       0
       0
       0
       0
       0
       0
       0
       0
       0
       0
       0
       0
       0
       0
       0
       0
       0
       0
       0
       0
       0
       0
       0
       0
       0
       0
       0
       0
       0
       0
       0
$ROI:
0
$PRESETS:
Real Time
30
0
$ENER_FIT:
-49.489273 2.375131
$MCA_CAL:
3
-4.948927E+001 2.375131E+000 -6.359670E-005 keV
$SHAPE_CAL:
3
0.000000E+000 0.000000E+000 0.000000E+000
