$SPEC_ID:
No sample description was entered.
$SPEC_REM:
DET# 4
DETDESC# GY222-07 Easy-MCA-2k SN 12292282
AP# Maestro Version 7.01
$DATE_MEA:
03/16/2017 09:57:38
$MEAS_TIM:
114 115
$DATA:
0 2047
       0
       0
       0
       0
       0
       0
       0
       0
       0
       0
       0
       0
       0
       0
       0
       0
       0
       0
       0
       0
       0
       0
       0
       0
       0
       0
       0
       0
       0
       0
       0
       0
       0
       0
       0
       0
       0
       0
       0
       0
       0
       0
       0
       0
       0
       0
       0
       0
       0
       0
       0
       0
       0
       0
       0
       0
       0
       0
      43
     396
     395
     408
     439
     458
     463
     435
     451
     427
     453
     435
     423
     445
     440
     441
     436
     456
     423
     443
     443
     432
     460
     428
     448
     392
     401
     429
     436
     425
     437
     417
     434
     438
     388
     438
     402
     402
     396
     391
     439
     435
     478
     409
     365
     471
     411
     414
     395
     381
     395
     377
     404
     333
     399
     397
     386
     401
     397
     387
     357
     387
     380
     384
     359
     342
     353
     371
     341
     358
     337
     338
     356
     333
     330
     350
     339
     336
     322
     315
     325
     335
     346
     328
     319
     305
     326
     325
     281
     322
     330
     296
     291
     267
     335
     311
     288
     317
     330
     284
     287
     293
     291
     307
     311
     294
     334
     313
     302
     311
     328
     295
     332
     303
     319
     325
     349
     331
     310
     316
     320
     310
     346
     315
     311
     346
     355
     297
     306
     307
     294
     318
     311
     320
     312
     319
     310
     301
     312
     290
     293
     253
     314
     255
     256
     283
     280
     284
     242
     252
     286
     311
     305
     286
     276
     257
     223
     264
     244
     237
     263
     272
     261
     259
     224
     236
     275
     264
     227
     228
     240
     240
     272
     260
     230
     243
     246
     264
     231
     254
     249
     224
     214
     209
     236
     251
     249
     255
     255
     237
     228
     229
     232
     224
     266
     222
     258
     247
     229
     224
     239
     229
     230
     223
     227
     200
     208
     221
     227
     209
     206
     209
     213
     213
     199
     202
     220
     218
     188
     196
     225
     231
     214
     215
     187
     205
     183
     201
     193
     219
     196
     202
     213
     208
     204
     207
     190
     187
     210
     198
     199
     177
     201
     179
     196
     216
     195
     175
     191
     174
     208
     176
     166
     175
     172
     171
     168
     176
     178
     177
     201
     197
     158
     180
     169
     168
     175
     161
     176
     154
     182
     175
     185
     169
     174
     165
     163
     151
     163
     174
     170
     162
     163
     155
     174
     161
     176
     191
     158
     149
     147
     154
     158
     152
     182
     166
     144
     178
     171
     179
     181
     160
     160
     169
     165
     152
     138
     142
     142
     169
     152
     156
     152
     169
     183
     167
     180
     162
     169
     146
     163
     143
     151
     166
     133
     146
     159
     182
     146
     173
     158
     169
     153
     160
     166
     165
     138
     156
     153
     161
     164
     154
     153
     153
     151
     159
     141
     145
     172
     153
     135
     178
     157
     161
     150
     170
     143
     136
     145
     162
     157
     163
     182
     150
     155
     164
     148
     162
     142
     157
     167
     175
     166
     164
     142
     138
     154
     152
     132
     142
     163
     139
     132
     157
     143
     150
     165
     141
     167
     149
     132
     148
     153
     156
     152
     151
     158
     147
     157
     145
     152
     153
     155
     115
     155
     154
     161
     175
     149
     173
     155
     170
     159
     161
     169
     146
     151
     162
     142
     148
     151
     180
     156
     151
     146
     154
     155
     154
     148
     158
     137
     140
     156
     151
     170
     150
     159
     157
     158
     143
     153
     143
     158
     145
     169
     171
     142
     167
     173
     155
     168
     133
     157
     123
     153
     159
     152
     129
     135
     149
     152
     168
     152
     169
     161
     122
     140
     156
     164
     162
     148
     159
     136
     147
     157
     150
     159
     151
     170
     148
     139
     132
     165
     147
     153
     151
     153
     155
     130
     160
     149
     143
     154
     145
     163
     150
     151
     162
     148
     156
     143
     151
     155
     138
     152
     183
     159
     149
     135
     153
     147
     167
     146
     124
     139
     155
     144
     174
     154
     151
     162
     150
     185
     139
     144
     163
     148
     182
     163
     162
     166
     149
     165
     160
     154
     161
     162
     166
     148
     157
     152
     148
     171
     161
     148
     154
     179
     158
     178
     163
     178
     163
     146
     151
     143
     148
     156
     164
     177
     147
     158
     154
     160
     160
     150
     175
     168
     175
     171
     162
     153
     143
     148
     145
     150
     165
     168
     191
     183
     168
     172
     176
     166
     189
     181
     162
     178
     178
     158
     168
     159
     181
     161
     167
     185
     164
     188
     189
     164
     167
     184
     180
     174
     178
     181
     185
     152
     167
     155
     192
     169
     186
     186
     183
     203
     170
     197
     167
     167
     204
     192
     181
     171
     160
     208
     191
     203
     202
     180
     188
     175
     174
     178
     179
     185
     213
     189
     192
     177
     201
     177
     181
     158
     183
     166
     188
     194
     170
     188
     176
     198
     182
     189
     207
     178
     203
     214
     197
     182
     189
     175
     216
     175
     189
     178
     185
     201
     185
     199
     203
     191
     204
     226
     201
     202
     181
     200
     194
     161
     180
     199
     186
     183
     179
     191
     194
     167
     176
     192
     174
     165
     183
     155
     175
     157
     133
     167
     170
     171
     132
     154
     146
     150
     136
     183
     152
     161
     135
     128
     145
     159
     125
     145
     129
     142
     136
     156
     137
     123
     137
     125
     128
     141
     137
     133
     128
     130
     129
     114
     142
     122
     124
     131
     121
     129
     120
     124
     128
     129
     121
     110
     110
     115
     134
     113
     130
     109
     114
     103
     105
     118
     140
     112
     106
     125
      89
     115
     115
     123
     143
     124
     114
     131
     113
     116
     127
     101
     109
      97
     104
     126
     111
     105
     110
      94
     135
     105
     119
     108
     115
     109
     124
     119
     129
      96
     111
     111
     129
      95
     115
     110
     102
     104
      98
     114
     108
      94
     108
      96
     119
     116
      87
     100
     108
     100
      98
      81
      80
     105
      71
      97
     107
      89
      94
     100
      89
      92
      98
      85
      96
     105
      83
      81
     105
     102
     107
     104
     103
     122
     113
     124
     111
     112
     151
     141
     149
     144
     165
     160
     180
     170
     215
     213
     250
     236
     251
     255
     257
     240
     275
     289
     288
     298
     334
     367
     342
     321
     350
     410
     380
     424
     391
     389
     410
     422
     414
     461
     441
     448
     450
     479
     448
     476
     441
     462
     415
     488
     440
     424
     422
     424
     393
     431
     401
     371
     350
     346
     318
     378
     322
     344
     293
     289
     258
     253
     220
     245
     214
     223
     216
     166
     187
     184
     142
     131
     133
     125
      97
     119
     100
      95
      97
      69
      89
      66
      58
      58
      51
      57
      52
      53
      31
      43
      33
      41
      24
      28
      22
      27
      34
      37
      36
      20
      22
      40
      29
      36
      32
      35
      32
      38
      34
      43
      35
      56
      68
      43
      44
      63
      57
      49
      62
      82
      81
     100
     106
     105
      98
     118
     127
     120
     144
     119
     146
     146
     164
     179
     186
     216
     192
     226
     260
     238
     243
     250
     237
     274
     276
     276
     292
     300
     316
     310
     343
     360
     320
     319
     358
     352
     341
     352
     346
     317
     372
     339
     341
     342
     359
     335
     336
     309
     346
     340
     351
     390
     306
     312
     322
     296
     278
     270
     282
     266
     253
     247
     217
     196
     222
     216
     197
     156
     159
     163
     172
     137
     142
     137
     120
     112
      88
     106
     104
      74
      79
      65
      63
      59
      52
      62
      57
      37
      45
      39
      28
      27
      24
      29
      26
      27
      28
      15
      15
      24
       9
      14
      18
      12
      17
       7
      10
      14
       8
       9
      16
       6
       5
      12
       8
       7
       8
      15
       5
      13
       8
      16
       6
       2
      10
       8
       8
       6
      15
      12
      10
       9
       7
       9
       9
      10
       9
       7
       9
       7
       8
       7
       6
       4
       4
      11
       9
       5
       6
       7
       8
       7
       8
      10
       7
       4
       5
       7
       4
      13
      11
       5
       3
       6
       3
       7
       6
      11
       6
       3
       3
       7
       3
       6
       8
       1
       5
       4
       4
       7
       3
       8
       3
       4
       6
       6
       2
       2
       5
       6
       7
       0
       2
       1
       1
       2
       6
       2
       6
       3
       7
       4
       7
       3
       2
       1
       4
       1
       4
       3
       3
       7
       4
       6
       5
       3
       4
       6
       1
       2
       0
       4
       2
       2
       3
       6
       3
       4
       4
       0
       3
       1
       5
       7
       0
       4
       2
       4
       1
       5
       4
       6
       3
       6
       4
       9
       4
       7
       2
       3
       6
       3
       5
       4
       6
       3
       8
       3
       5
       1
       4
       4
       7
       4
       4
       9
       3
       8
       1
       3
       2
       2
       1
       7
       5
       6
       1
       5
       5
       3
       5
       2
       6
       4
       2
       1
       2
       2
       7
       3
       1
       3
       3
       2
       1
       4
       2
       3
       0
       2
       0
       0
       4
       6
       2
       5
       4
       3
       1
       1
       4
       4
       0
       6
       2
       5
       3
       3
       5
       1
       4
       2
       5
       3
       4
      10
       4
       4
       2
       2
       4
       2
       3
       2
       3
       2
       2
       4
       4
       3
       3
       3
       3
       3
       2
       4
       4
       7
       1
       6
       5
       6
       1
       5
       7
       1
       1
       4
       2
       3
       3
       3
       2
       8
       2
       4
       4
       7
       3
       4
       2
       1
       3
       4
       3
       4
       1
       3
       4
       5
       2
       4
       1
       2
       0
       2
       3
       2
       0
       5
       2
       3
       3
       5
       2
       5
       5
       4
       3
       2
       3
       0
       2
       4
       3
       6
       1
       3
       5
       3
       2
       2
       2
       2
       1
       2
       2
       2
       8
       2
       5
       2
       3
       3
       2
       1
       2
       2
       1
       4
       6
       1
       5
       2
       1
       3
       1
       4
       2
       1
       2
       1
       0
       2
       1
       2
       1
       4
       2
       3
       3
       2
       2
       2
       0
       1
       2
       1
       2
       2
       1
       1
       4
       4
       0
       1
       1
       0
       1
       3
       1
       3
       1
       1
       2
       2
       1
       3
       2
       3
       5
       2
       2
       1
       3
       1
       1
       2
       3
       2
       4
       2
       2
       0
       2
       3
       1
       1
       0
       1
       2
       2
       4
       2
       3
       1
       1
       1
       2
       3
       2
       1
       2
       2
       0
       1
       3
       3
       4
       0
       3
       2
       0
       5
       2
       1
       2
       0
       2
       3
       1
       2
       1
       1
       0
       1
       1
       3
       1
       1
       1
       1
       3
       2
       1
       1
       0
       4
       1
       4
       2
       2
       2
       0
       2
       3
       2
       1
       0
       1
       3
       1
       3
       1
       0
       1
       1
       2
       5
       0
       0
       2
       6
       1
       3
       3
       0
       3
       0
       0
       0
       2
       2
       2
       0
       2
       1
       3
       1
       2
       0
       1
       3
       2
       2
       4
       2
       2
       4
       0
       3
       3
       2
       2
       1
       0
       1
       1
       3
       0
       2
       2
       0
       3
       3
       1
       2
       1
       3
       2
       2
       3
       4
       5
       1
       7
       1
       3
       6
       3
       3
       1
       1
       0
       3
       1
       1
       1
       1
       1
       0
       1
       3
       0
       0
       4
       3
       1
       4
       3
       2
       3
       4
       3
       1
       4
       1
       1
       1
       2
       4
       4
       2
       0
       0
       0
       0
       2
       3
       2
       1
       6
       1
       2
       4
       1
       1
       1
       1
       5
       5
       2
       1
       0
       0
       2
       2
       3
       0
       4
       2
       2
       2
       2
       1
       3
       2
       2
       6
       1
       3
       3
       2
       3
       3
       3
       0
       4
       4
       1
       3
       1
       0
       1
       1
       6
       2
       1
       3
       1
       4
       2
       2
       4
       0
       2
       1
       1
       1
       2
       5
       0
       2
       3
       0
       2
       2
       2
       1
       3
       2
       5
       2
       0
       0
       3
       4
       3
       3
       0
       2
       2
       1
       1
       0
       0
       3
       3
       5
       2
       2
       0
       0
       3
       2
       1
       0
       2
       1
       2
       0
       4
       2
       0
       1
       2
       3
       1
       0
       0
       1
       0
       0
       0
       1
       1
       4
       0
       1
       1
       2
       1
       0
       2
       1
       2
       1
       2
       0
       0
       0
       1
       2
       2
       1
       1
       2
       2
       0
       3
       2
       1
       0
       0
       3
       1
       0
       0
       2
       0
       1
       0
       0
       0
       0
       0
       0
       2
       1
       0
       2
       0
       0
       0
       1
       2
       1
       0
       3
       0
       0
       1
       0
       0
       0
       1
       1
       1
       1
       0
       0
       0
       0
       0
       1
       1
       0
       1
       1
       0
       0
       2
       2
       1
       1
       0
       2
       0
       1
       3
       0
       0
       0
       1
       0
       0
       0
       1
       0
       1
       0
       0
       1
       0
       1
       0
       0
       0
       0
       0
       1
       0
       1
       3
       1
       0
       4
       2
       0
       2
       0
       1
       0
       0
       0
       1
       1
       3
       2
       0
       2
       0
       1
       0
       1
       0
       1
       2
       1
       2
       8
       0
       0
       3
       1
       3
       0
       0
       5
       1
       1
       0
       0
       0
       2
       2
       4
       3
       3
       0
       2
       2
       2
       4
       2
       2
       4
       1
       0
       2
       3
       2
       2
       2
       4
       2
       0
       2
       4
       2
       1
       3
       3
       0
       2
       4
       1
       3
       1
       2
       1
       2
       2
       0
       1
       2
       1
       4
       2
       1
       2
       2
       3
       1
       1
       2
       0
       4
       1
       1
       2
       1
       2
       1
       1
       1
       2
       3
       1
       2
       1
       1
       3
       1
       1
       0
       0
       0
       0
       0
       0
       0
       0
       0
       0
       0
       0
       0
       0
       0
       0
       0
       0
       0
       0
       0
       0
       0
       0
       0
       0
       0
       0
       0
       0
       0
       0
$ROI:
2
876 975
1007 1100
$PRESETS:
Live Time
600
0
$ENER_FIT:
0.004469 0.011082
$MCA_CAL:
3
4.469484E-003 1.108163E-002 0.000000E+000 keV
$SHAPE_CAL:
3
0.000000E+000 0.000000E+000 0.000000E+000
